Messstellennummer;165
Bezirk;Tempelhof-Sch�neberg
Betreiber;Senat
Auspr�gung;GW-Stand
Grundwasserleiter;"Hauptgrundwasserleiter (GWL 1.3 + 2)"
Grundwasserdruckfl�che;ungespannt
"Gel�ndeoberkante (GOK) (m �. NHN)";43,38
"Rohroberkante (ROK) (m �. NHN)";43,71
"Filteroberkante (FOK) (m u. GOK)";18,10
"Filterunterkante (FUK) (m u. GOK)";20,10
Rechtswert;391268,70
Hochwert;5812938,50
Projektion;"UTM 33N"
;
Datum;"GW-Stand (m �. NHN)"
01.11.1959;32,47
15.11.1959;32,47
01.12.1959;32,43
15.12.1959;32,43
01.01.1960;32,48
15.02.1960;32,48
01.03.1960;32,47
15.03.1960;32,47
01.04.1960;32,45
15.04.1960;32,45
01.05.1960;32,43
15.05.1960;32,43
01.06.1960;32,40
15.06.1960;32,40
01.07.1960;32,37
15.07.1960;32,37
01.08.1960;32,40
15.09.1960;32,40
01.10.1960;32,43
15.10.1960;32,43
01.11.1960;32,45
15.12.1960;32,45
01.01.1961;32,44
15.01.1961;32,44
01.02.1961;32,45
15.02.1961;32,45
01.03.1961;32,42
15.03.1961;32,42
01.04.1961;32,47
15.05.1961;32,47
01.06.1961;32,55
15.06.1961;32,55
01.07.1961;32,43
15.07.1961;32,43
01.08.1961;32,49
15.08.1961;32,49
01.09.1961;32,48
15.09.1961;32,48
01.10.1961;32,45
15.10.1961;32,45
01.11.1961;32,47
15.11.1961;32,47
01.12.1961;32,49
15.12.1961;32,49
01.01.1962;32,52
15.01.1962;32,52
01.02.1962;32,51
15.02.1962;32,51
01.03.1962;32,49
15.03.1962;32,49
01.04.1962;32,53
15.04.1962;32,53
01.05.1962;32,52
15.06.1962;32,52
01.07.1962;32,48
15.07.1962;32,48
01.08.1962;32,42
15.09.1962;32,42
01.10.1962;32,43
15.10.1962;32,43
01.11.1962;32,46
15.11.1962;32,46
01.12.1962;32,47
15.12.1962;32,47
01.01.1963;32,43
15.01.1963;32,43
01.02.1963;32,40
15.04.1963;32,40
01.05.1963;32,42
15.05.1963;32,42
01.06.1963;32,29
15.06.1963;32,29
01.07.1963;32,32
15.07.1963;32,32
01.08.1963;32,26
15.08.1963;32,26
01.09.1963;32,24
15.09.1963;32,24
01.10.1963;32,39
15.10.1963;32,39
01.11.1963;32,36
15.11.1963;32,36
01.12.1963;32,41
15.12.1963;32,41
01.01.1964;32,37
15.01.1964;32,37
01.02.1964;32,38
15.02.1964;32,38
01.03.1964;32,34
15.03.1964;32,34
01.04.1964;32,38
15.04.1964;32,38
01.05.1964;32,30
15.05.1964;32,30
01.06.1964;32,31
15.06.1964;32,31
01.07.1964;32,30
15.07.1964;32,30
01.08.1964;32,35
15.08.1964;32,35
01.09.1964;32,29
15.10.1964;32,29
01.11.1964;32,27
15.11.1964;32,27
01.12.1964;32,32
15.12.1964;32,32
01.01.1965;32,29
15.01.1965;32,29
01.02.1965;32,25
15.02.1965;32,25
01.03.1965;32,28
15.03.1965;32,28
01.04.1965;32,26
15.05.1965;32,26
01.06.1965;32,28
15.06.1965;32,28
01.07.1965;32,33
15.07.1965;32,33
01.08.1965;32,35
15.08.1965;32,35
01.09.1965;32,26
15.09.1965;32,26
01.10.1965;32,33
15.10.1965;32,33
01.11.1965;32,35
15.11.1965;32,35
01.12.1965;32,37
15.12.1965;32,37
01.01.1966;32,34
15.01.1966;32,34
01.02.1966;32,39
15.02.1966;32,39
01.03.1966;32,38
15.03.1966;32,38
01.04.1966;32,39
15.04.1966;32,39
01.05.1966;32,31
15.06.1966;32,31
01.07.1966;32,43
15.07.1966;32,43
01.08.1966;32,42
15.08.1966;32,42
01.09.1966;32,45
15.09.1966;32,45
01.10.1966;32,46
15.10.1966;32,46
01.11.1966;32,43
15.11.1966;32,43
01.12.1966;32,41
15.02.1967;32,41
01.03.1967;32,44
15.03.1967;32,44
01.04.1967;32,36
15.04.1967;32,36
01.05.1967;32,39
15.05.1967;32,39
01.06.1967;32,44
15.06.1967;32,44
01.07.1967;32,39
15.07.1967;32,39
01.08.1967;32,36
15.08.1967;32,36
01.09.1967;32,42
15.09.1967;32,42
01.10.1967;32,39
15.10.1967;32,39
01.11.1967;32,35
15.11.1967;32,35
01.12.1967;32,39
15.12.1967;32,39
01.01.1968;32,37
15.01.1968;32,37
01.02.1968;32,40
15.02.1968;32,40
01.03.1968;32,38
15.03.1968;32,38
01.04.1968;32,34
15.04.1968;32,34
01.05.1968;32,41
15.05.1968;32,41
01.06.1968;32,38
15.06.1968;32,38
01.07.1968;32,35
15.07.1968;32,35
01.08.1968;32,31
15.08.1968;32,31
01.09.1968;32,36
15.09.1968;32,36
01.10.1968;32,29
15.10.1968;32,29
05.11.1968;32,33
15.11.1968;32,37
02.12.1968;32,37
16.12.1968;32,32
02.01.1969;32,37
27.01.1969;32,37
06.02.1969;32,41
18.02.1969;32,41
11.03.1969;32,37
31.03.1969;32,37
01.04.1969;32,37
17.04.1969;32,35
05.05.1969;32,41
16.05.1969;32,41
03.06.1969;32,38
16.06.1969;32,47
03.07.1969;32,45
17.07.1969;32,43
01.08.1969;32,36
20.08.1969;32,39
01.09.1969;32,49
16.09.1969;32,47
02.10.1969;32,43
15.10.1969;32,39
04.11.1969;32,42
17.11.1969;32,41
02.12.1969;32,36
16.03.1970;32,36
02.04.1970;32,49
16.04.1970;32,53
05.05.1970;32,49
20.05.1970;32,52
01.06.1970;32,48
16.06.1970;32,47
01.07.1970;32,42
17.07.1970;32,47
03.08.1970;32,42
17.08.1970;32,38
01.09.1970;32,41
23.09.1970;32,37
06.10.1970;32,41
19.10.1970;32,36
05.11.1970;32,42
17.11.1970;32,41
04.12.1970;32,41
15.12.1970;32,39
04.01.1971;32,45
26.01.1971;32,45
01.02.1971;32,44
23.02.1971;32,40
11.03.1971;32,39
16.03.1971;32,43
02.04.1971;32,43
16.04.1971;32,42
06.05.1971;32,38
18.05.1971;32,36
16.06.1971;32,40
22.06.1971;32,43
09.07.1971;32,42
21.07.1971;32,37
03.08.1971;32,33
16.08.1971;32,33
07.09.1971;32,32
29.09.1971;32,41
05.11.1971;32,41
18.11.1971;32,45
03.12.1971;32,44
16.12.1971;32,44
05.01.1972;32,45
25.01.1972;32,39
01.02.1972;32,38
16.02.1972;32,37
12.04.1972;32,37
19.04.1972;32,39
05.05.1972;32,39
17.05.1972;32,41
06.06.1972;32,42
20.06.1972;32,41
07.07.1972;32,36
19.07.1972;32,37
14.08.1972;32,37
22.08.1972;32,39
13.09.1972;32,43
26.09.1972;32,41
06.10.1972;32,39
17.10.1972;32,42
22.12.1972;32,42
11.01.1973;32,43
26.01.1973;32,46
13.02.1973;32,42
28.02.1973;32,41
08.03.1973;32,42
26.03.1973;32,39
10.04.1973;32,42
17.04.1973;32,42
02.05.1973;32,41
18.05.1973;32,37
06.06.1973;32,38
25.06.1973;32,36
09.07.1973;32,32
24.07.1973;32,31
08.08.1973;32,36
17.08.1973;32,35
03.09.1973;32,34
20.09.1973;32,33
04.10.1973;32,38
15.10.1973;32,40
05.11.1973;32,37
23.11.1973;32,20
14.12.1973;32,02
15.12.1973;31,98
04.01.1974;31,94
24.01.1974;31,86
06.02.1974;31,82
20.02.1974;32,08
08.03.1974;32,27
15.03.1974;32,30
04.04.1974;32,34
29.04.1974;32,39
02.05.1974;32,41
20.05.1974;32,44
07.06.1974;32,39
25.06.1974;32,43
05.07.1974;32,41
22.07.1974;32,42
06.08.1974;32,39
22.08.1974;32,36
03.09.1974;32,36
16.09.1974;32,40
02.10.1974;32,40
17.10.1974;32,42
01.11.1974;32,40
18.11.1974;32,37
05.12.1974;32,41
16.12.1974;32,46
09.01.1975;32,57
20.01.1975;32,59
07.02.1975;32,52
25.02.1975;32,54
06.03.1975;32,52
21.03.1975;32,54
02.04.1975;32,58
23.04.1975;32,52
13.05.1975;32,50
28.05.1975;32,53
11.06.1975;32,53
18.06.1975;32,53
02.07.1975;32,55
17.07.1975;32,53
14.08.1975;32,51
26.08.1975;32,52
04.09.1975;32,54
22.09.1975;32,51
02.10.1975;32,52
17.10.1975;32,54
10.11.1975;32,55
24.11.1975;32,58
09.12.1975;32,58
18.12.1975;32,54
07.01.1976;32,59
20.01.1976;32,53
10.02.1976;32,54
23.02.1976;32,50
10.03.1976;32,51
26.03.1976;32,53
12.04.1976;32,51
29.04.1976;32,51
11.05.1976;32,48
25.05.1976;32,48
10.06.1976;32,47
28.06.1976;32,46
06.07.1976;32,46
22.07.1976;32,41
05.08.1976;32,40
16.08.1976;32,41
08.09.1976;32,39
20.09.1976;32,42
11.10.1976;32,43
26.10.1976;32,52
08.11.1976;32,52
22.11.1976;32,47
02.12.1976;32,43
20.12.1976;32,43
13.01.1977;32,42
26.01.1977;32,42
10.02.1977;32,45
23.02.1977;32,46
08.03.1977;32,44
22.03.1977;32,47
07.04.1977;32,42
21.04.1977;32,42
04.05.1977;32,46
20.05.1977;32,42
03.06.1977;32,41
20.06.1977;32,43
05.07.1977;32,41
22.07.1977;32,45
05.08.1977;32,47
19.08.1977;32,43
06.09.1977;32,47
31.10.1977;32,47
11.11.1977;32,48
15.11.1977;32,46
01.12.1977;32,44
21.12.1977;32,49
05.01.1978;32,51
23.01.1978;32,52
07.02.1978;32,52
15.02.1978;32,49
01.03.1978;32,50
15.03.1978;32,53
04.04.1978;32,54
18.04.1978;32,51
09.05.1978;32,53
24.05.1978;32,47
12.06.1978;32,49
23.06.1978;32,50
06.07.1978;32,45
19.07.1978;32,48
04.08.1978;32,45
18.08.1978;32,54
11.09.1978;32,55
29.09.1978;32,56
09.10.1978;32,59
15.10.1978;32,55
09.11.1978;32,51
29.11.1978;32,57
12.12.1978;32,59
22.12.1978;32,55
01.01.1979;32,57
15.01.1979;32,58
01.02.1979;32,55
21.02.1979;32,51
01.03.1979;32,54
16.03.1979;32,57
02.04.1979;32,64
18.05.1979;32,64
01.06.1979;32,57
15.06.1979;32,64
02.07.1979;32,60
16.07.1979;32,67
01.08.1979;32,67
15.08.1979;32,65
06.09.1979;32,61
17.09.1979;32,61
01.10.1979;32,63
17.10.1979;32,66
01.11.1979;32,65
27.11.1979;32,63
12.12.1979;32,58
15.12.1979;32,58
04.01.1980;32,57
24.01.1980;32,61
07.02.1980;32,62
21.02.1980;32,57
10.03.1980;32,60
25.03.1980;32,59
10.04.1980;32,61
24.04.1980;32,59
08.05.1980;32,63
22.05.1980;32,62
05.06.1980;32,57
18.06.1980;32,62
02.07.1980;32,61
21.07.1980;32,67
04.08.1980;32,63
18.08.1980;32,64
09.09.1980;32,64
24.09.1980;32,65
07.10.1980;32,62
27.10.1980;32,62
01.11.1980;32,62
15.11.1980;32,61
05.12.1980;32,59
15.12.1980;32,60
14.01.1981;32,61
15.01.1981;32,61
03.02.1981;32,60
20.02.1981;32,57
09.03.1981;32,59
23.03.1981;32,59
06.04.1981;32,63
21.04.1981;32,67
03.07.1981;32,67
17.07.1981;32,65
04.08.1981;32,62
20.08.1981;32,54
03.09.1981;32,58
24.09.1981;32,60
09.10.1981;32,61
22.10.1981;32,63
01.11.1981;32,63
20.11.1981;32,62
04.12.1981;32,66
21.12.1981;32,64
01.01.1982;32,64
20.01.1982;32,64
01.02.1982;32,61
22.02.1982;32,58
09.03.1982;32,62
29.03.1982;32,62
01.04.1982;32,64
21.04.1982;32,66
06.05.1982;32,63
25.05.1982;32,63
01.06.1982;32,66
25.06.1982;32,68
14.07.1982;32,62
15.07.1982;32,59
06.08.1982;32,56
20.08.1982;32,62
09.09.1982;32,62
27.09.1982;32,59
01.10.1982;32,61
20.10.1982;32,62
08.11.1982;32,65
15.11.1982;32,63
01.12.1982;32,61
27.12.1982;32,63
01.01.1983;32,63
17.01.1983;32,63
01.02.1983;32,61
16.02.1983;32,59
01.03.1983;32,60
21.03.1983;32,61
01.04.1983;32,60
22.04.1983;32,59
01.05.1983;32,60
26.05.1983;32,61
07.06.1983;32,56
22.06.1983;32,59
04.07.1983;32,59
18.07.1983;32,56
01.08.1983;32,60
17.08.1983;32,57
01.09.1983;32,58
27.09.1983;32,59
07.10.1983;32,61
20.10.1983;32,59
04.11.1983;32,57
18.11.1983;32,59
05.12.1983;32,61
23.12.1983;32,64
06.01.1984;32,62
20.01.1984;32,62
06.02.1984;32,60
20.02.1984;32,61
06.03.1984;32,62
20.03.1984;32,60
01.04.1984;32,61
17.04.1984;32,62
01.05.1984;32,63
16.05.1984;32,63
01.06.1984;32,61
21.06.1984;32,61
06.07.1984;32,60
20.07.1984;32,62
06.08.1984;32,61
17.08.1984;32,62
03.09.1984;32,63
18.09.1984;32,60
01.10.1984;32,62
18.10.1984;32,57
02.11.1984;32,57
19.11.1984;32,61
03.12.1984;32,58
18.12.1984;32,67
07.01.1985;32,59
21.01.1985;32,62
08.02.1985;32,59
19.02.1985;32,61
08.03.1985;32,60
21.03.1985;32,60
01.04.1985;32,59
16.04.1985;32,61
03.05.1985;32,62
15.05.1985;32,55
10.06.1985;32,61
11.06.1985;32,58
18.06.1985;32,63
01.07.1985;32,64
12.07.1985;32,64
15.07.1985;32,62
02.08.1985;32,59
15.08.1985;32,57
03.09.1985;32,59
19.09.1985;32,67
03.10.1985;32,64
17.10.1985;32,60
01.11.1985;32,62
22.11.1985;32,60
06.12.1985;32,63
15.12.1985;32,62
06.01.1986;32,60
20.01.1986;32,58
03.02.1986;32,55
17.02.1986;32,57
04.03.1986;32,58
18.03.1986;32,55
01.04.1986;32,56
21.04.1986;32,57
06.05.1986;32,54
29.05.1986;32,57
06.06.1986;32,67
20.06.1986;32,62
04.07.1986;32,56
22.07.1986;32,68
01.08.1986;32,81
16.08.1986;32,73
01.09.1986;32,64
11.09.1986;32,81
26.09.1986;32,79
01.10.1986;32,72
20.10.1986;32,65
14.11.1986;32,67
28.11.1986;32,64
05.12.1986;32,64
16.12.1986;32,68
01.01.1987;32,67
16.01.1987;32,66
02.02.1987;32,62
17.02.1987;32,70
03.03.1987;32,61
15.03.1987;32,60
03.04.1987;32,58
22.04.1987;32,63
08.05.1987;32,61
22.05.1987;32,63
09.06.1987;32,65
26.06.1987;32,68
10.07.1987;32,68
24.07.1987;32,65
07.08.1987;32,65
25.08.1987;32,64
09.09.1987;32,61
23.09.1987;32,64
13.11.1987;32,64
30.11.1987;32,61
14.12.1987;32,59
15.12.1987;32,61
08.01.1988;32,63
22.01.1988;32,64
04.02.1988;32,59
18.02.1988;32,61
01.03.1988;32,72
18.03.1988;32,83
05.04.1988;32,71
22.04.1988;32,66
06.05.1988;32,70
27.05.1988;32,71
09.06.1988;32,73
30.06.1988;32,74
15.07.1988;32,75
29.07.1988;32,65
11.08.1988;32,74
15.08.1988;32,72
01.09.1988;32,70
16.09.1988;32,68
03.10.1988;32,64
20.10.1988;32,68
02.11.1988;32,63
17.11.1988;32,68
02.12.1988;32,68
20.12.1988;32,63
06.01.1989;32,63
20.01.1989;32,61
03.02.1989;32,61
24.02.1989;32,65
14.03.1989;32,63
15.03.1989;32,64
05.04.1989;32,65
20.04.1989;32,64
01.05.1989;32,62
16.05.1989;32,60
01.06.1989;32,61
21.06.1989;32,61
07.07.1989;32,63
21.07.1989;32,60
04.08.1989;32,59
15.08.1989;32,59
14.09.1989;32,59
29.09.1989;32,61
13.10.1989;32,59
31.10.1989;32,59
14.11.1989;32,60
27.11.1989;32,59
13.12.1989;32,59
15.12.1989;32,58
08.01.1990;32,57
24.01.1990;32,60
12.02.1990;32,63
23.02.1990;32,56
01.03.1990;32,57
19.03.1990;32,58
04.04.1990;32,59
26.04.1990;32,61
01.05.1990;32,60
15.05.1990;32,58
01.06.1990;32,57
18.06.1990;32,60
01.07.1990;32,61
16.07.1990;32,61
03.08.1990;32,61
21.08.1990;32,62
10.09.1990;32,62
20.09.1990;32,58
11.10.1990;32,64
31.10.1990;32,62
01.11.1990;32,61
15.11.1990;32,59
03.12.1990;32,58
17.12.1990;32,58
14.01.1991;32,59
24.01.1991;32,59
11.02.1991;32,60
26.02.1991;32,59
08.03.1991;32,63
20.03.1991;32,64
01.04.1991;32,62
15.04.1991;32,59
24.04.1991;32,59
07.05.1991;32,63
21.05.1991;32,61
04.06.1991;32,59
15.06.1991;32,59
08.07.1991;32,59
19.07.1991;32,60
05.08.1991;32,61
19.08.1991;32,59
29.10.1991;32,59
13.11.1991;32,57
28.11.1991;32,56
13.12.1991;32,58
20.12.1991;32,57
10.01.1992;32,57
17.01.1992;32,58
31.01.1992;32,57
01.02.1992;32,56
19.02.1992;32,54
06.03.1992;32,57
13.03.1992;32,59
15.03.1992;32,58
01.04.1992;32,57
16.04.1992;32,55
05.05.1992;32,58
15.05.1992;32,57
01.06.1992;32,58
15.06.1992;32,59
26.06.1992;32,54
10.07.1992;32,57
31.07.1992;32,57
07.08.1992;32,56
15.08.1992;32,57
09.09.1992;32,58
21.09.1992;32,57
05.10.1992;32,59
16.10.1992;32,60
09.11.1992;32,59
27.11.1992;32,57
11.12.1992;32,58
15.12.1992;32,59
05.02.1993;32,59
22.02.1993;32,61
05.03.1993;32,59
23.03.1993;32,57
08.04.1993;32,64
30.04.1993;32,61
11.05.1993;32,62
28.05.1993;32,59
11.06.1993;32,58
15.06.1993;32,59
02.07.1993;32,59
15.07.1993;32,64
23.07.1993;32,59
09.08.1993;32,60
15.08.1993;32,62
13.09.1993;32,63
24.09.1993;32,59
11.10.1993;32,60
22.10.1993;32,58
08.11.1993;32,59
26.11.1993;32,58
13.12.1993;32,58
27.12.1993;32,56
10.01.1994;32,54
15.01.1994;32,55
03.02.1994;32,55
15.02.1994;32,57
01.03.1994;32,58
29.03.1994;32,60
12.04.1994;32,63
15.04.1994;32,62
09.05.1994;32,61
27.05.1994;32,63
10.06.1994;32,63
27.06.1994;32,67
06.07.1994;32,65
18.07.1994;32,68
05.08.1994;32,66
22.08.1994;32,68
12.09.1994;32,67
29.09.1994;32,63
10.10.1994;32,61
27.10.1994;32,64
11.11.1994;32,62
01.12.1994;32,61
23.12.1994;32,61
09.01.1995;32,60
30.01.1995;32,59
17.02.1995;32,61
06.03.1995;32,62
20.03.1995;32,66
03.04.1995;32,64
08.05.1995;32,65
18.05.1995;32,64
01.06.1995;32,65
13.06.1995;32,64
03.07.1995;32,64
17.07.1995;32,66
31.07.1995;32,64
14.08.1995;32,66
25.08.1995;32,65
25.09.1995;32,66
30.10.1995;32,66
10.11.1995;32,64
27.11.1995;32,62
12.12.1995;32,65
08.01.1996;32,61
12.02.1996;32,63
20.02.1996;32,66
11.03.1996;32,65
29.03.1996;32,62
26.04.1996;32,62
17.05.1996;32,59
06.06.1996;32,59
20.06.1996;32,61
15.07.1996;32,64
01.08.1996;32,59
09.08.1996;32,58
26.08.1996;32,62
06.09.1996;32,60
30.09.1996;32,60
11.10.1996;32,59
29.10.1996;32,61
15.11.1996;32,59
10.12.1996;32,61
14.01.1997;32,55
31.01.1997;32,59
17.02.1997;32,60
06.03.1997;32,59
17.04.1997;32,56
05.05.1997;32,60
30.05.1997;32,58
12.06.1997;32,57
30.06.1997;32,61
16.07.1997;32,60
07.08.1997;32,60
22.08.1997;32,60
10.09.1997;32,59
30.09.1997;32,61
15.10.1997;32,62
03.11.1997;32,60
24.11.1997;32,62
16.12.1997;32,59
19.01.1998;32,59
10.02.1998;32,61
05.03.1998;32,59
25.03.1998;32,58
22.04.1998;32,61
13.05.1998;32,59
10.06.1998;32,62
28.07.1998;32,61
19.08.1998;32,61
02.09.1998;32,63
22.09.1998;32,61
07.10.1998;32,62
09.11.1998;32,59
13.11.1998;32,56
14.11.1998;32,57
15.11.1998;32,56
16.11.1998;32,56
17.11.1998;32,55
18.11.1998;32,56
24.11.1998;32,56
25.11.1998;32,57
26.11.1998;32,58
27.11.1998;32,59
28.11.1998;32,58
29.11.1998;32,58
30.11.1998;32,57
01.12.1998;32,56
02.12.1998;32,57
03.12.1998;32,58
04.12.1998;32,60
05.12.1998;32,60
06.12.1998;32,59
07.12.1998;32,58
08.12.1998;32,57
09.12.1998;32,57
10.12.1998;32,57
11.12.1998;32,56
12.12.1998;32,57
13.12.1998;32,59
14.12.1998;32,58
15.12.1998;32,59
16.12.1998;32,58
17.12.1998;32,58
18.12.1998;32,58
19.12.1998;32,59
20.12.1998;32,57
21.12.1998;32,57
22.12.1998;32,56
23.12.1998;32,56
24.12.1998;32,57
25.12.1998;32,56
26.12.1998;32,57
27.12.1998;32,58
28.12.1998;32,58
29.12.1998;32,58
30.12.1998;32,59
03.01.1999;32,59
04.01.1999;32,58
10.01.1999;32,58
11.01.1999;32,60
12.01.1999;32,59
13.01.1999;32,59
14.01.1999;32,59
15.01.1999;32,58
17.01.1999;32,59
18.01.1999;32,58
21.01.1999;32,58
22.01.1999;32,59
23.01.1999;32,58
24.01.1999;32,58
25.01.1999;32,57
26.01.1999;32,58
27.01.1999;32,59
28.01.1999;32,60
29.01.1999;32,60
30.01.1999;32,57
31.01.1999;32,57
01.02.1999;32,57
02.02.1999;32,58
03.02.1999;32,57
04.02.1999;32,58
05.02.1999;32,59
06.02.1999;32,58
07.02.1999;32,60
08.02.1999;32,59
09.02.1999;32,59
10.02.1999;32,59
11.02.1999;32,58
12.02.1999;32,58
13.02.1999;32,57
14.02.1999;32,57
15.02.1999;32,58
16.02.1999;32,59
17.02.1999;32,59
18.02.1999;32,58
19.02.1999;32,60
20.02.1999;32,59
21.02.1999;32,59
22.02.1999;32,60
23.02.1999;32,59
24.02.1999;32,58
25.02.1999;32,57
26.02.1999;32,59
02.03.1999;32,59
03.03.1999;32,60
04.03.1999;32,58
05.03.1999;32,57
09.03.1999;32,57
10.03.1999;32,56
11.03.1999;32,55
12.03.1999;32,56
17.03.1999;32,56
18.03.1999;32,58
19.03.1999;32,58
20.03.1999;32,57
21.03.1999;32,59
22.03.1999;32,61
23.03.1999;32,60
26.03.1999;32,60
27.03.1999;32,59
28.03.1999;32,58
29.03.1999;32,58
30.03.1999;32,59
02.04.1999;32,59
03.04.1999;32,57
04.04.1999;32,56
05.04.1999;32,56
06.04.1999;32,57
07.04.1999;32,59
08.04.1999;32,59
09.04.1999;32,60
10.04.1999;32,62
11.04.1999;32,61
15.04.1999;32,61
16.04.1999;32,59
17.04.1999;32,60
18.04.1999;32,60
19.04.1999;32,59
20.04.1999;32,60
21.04.1999;32,61
22.04.1999;32,60
23.04.1999;32,59
24.04.1999;32,60
25.04.1999;32,60
26.04.1999;32,61
27.04.1999;32,60
28.04.1999;32,60
29.04.1999;32,61
30.04.1999;32,61
01.05.1999;32,60
02.05.1999;32,60
03.05.1999;32,60
04.05.1999;32,59
05.05.1999;32,60
06.05.1999;32,60
07.05.1999;32,62
08.05.1999;32,62
09.05.1999;32,63
10.05.1999;32,63
11.05.1999;32,62
12.05.1999;32,63
13.05.1999;32,63
14.05.1999;32,62
15.05.1999;32,61
16.05.1999;32,60
17.05.1999;32,60
18.05.1999;32,61
19.05.1999;32,62
20.05.1999;32,62
21.05.1999;32,61
24.05.1999;32,61
25.05.1999;32,63
26.05.1999;32,63
27.05.1999;32,63
28.05.1999;32,62
29.05.1999;32,61
30.05.1999;32,62
31.05.1999;32,61
01.06.1999;32,61
02.06.1999;32,63
03.06.1999;32,62
04.06.1999;32,63
05.06.1999;32,63
06.06.1999;32,63
07.06.1999;32,61
08.06.1999;32,61
09.06.1999;32,62
10.06.1999;32,63
11.06.1999;32,64
12.06.1999;32,64
13.06.1999;32,64
14.06.1999;32,63
17.06.1999;32,63
18.06.1999;32,64
19.06.1999;32,64
20.06.1999;32,65
21.06.1999;32,64
22.06.1999;32,64
23.06.1999;32,64
24.06.1999;32,63
27.06.1999;32,63
28.06.1999;32,62
29.06.1999;32,62
30.06.1999;32,63
01.07.1999;32,63
02.07.1999;32,64
03.07.1999;32,63
08.07.1999;32,63
09.07.1999;32,62
10.07.1999;32,61
11.07.1999;32,61
12.07.1999;32,61
13.07.1999;32,62
14.07.1999;32,63
15.07.1999;32,62
16.07.1999;32,62
17.07.1999;32,63
18.07.1999;32,62
21.07.1999;32,62
22.07.1999;32,63
23.07.1999;32,62
27.07.1999;32,62
28.07.1999;32,61
08.08.1999;32,61
09.08.1999;32,60
10.08.1999;32,61
11.08.1999;32,60
12.08.1999;32,60
13.08.1999;32,61
14.08.1999;32,61
15.08.1999;32,62
16.08.1999;32,62
17.08.1999;32,63
18.08.1999;32,63
19.08.1999;32,63
20.08.1999;32,62
21.08.1999;32,61
22.08.1999;32,62
23.08.1999;32,62
24.08.1999;32,61
25.08.1999;32,61
26.08.1999;32,62
27.08.1999;32,61
28.08.1999;32,61
29.08.1999;32,62
30.08.1999;32,63
31.08.1999;32,63
01.09.1999;32,62
02.09.1999;32,63
03.09.1999;32,63
04.09.1999;32,62
05.09.1999;32,60
06.09.1999;32,60
07.09.1999;32,61
10.09.1999;32,61
11.09.1999;32,62
12.09.1999;32,63
13.09.1999;32,62
14.09.1999;32,61
15.09.1999;32,61
16.09.1999;32,62
17.09.1999;32,61
18.09.1999;32,61
19.09.1999;32,63
20.09.1999;32,64
21.09.1999;32,63
22.09.1999;32,62
23.09.1999;32,62
24.09.1999;32,61
25.09.1999;32,62
26.09.1999;32,61
29.09.1999;32,61
30.09.1999;32,62
07.10.1999;32,62
08.10.1999;32,63
09.10.1999;32,62
10.10.1999;32,61
11.10.1999;32,61
12.10.1999;32,61
13.10.1999;32,60
16.10.1999;32,60
17.10.1999;32,61
20.10.1999;32,61
21.10.1999;32,62
22.10.1999;32,62
23.10.1999;32,62
24.10.1999;32,61
25.10.1999;32,61
26.10.1999;32,60
27.10.1999;32,59
28.10.1999;32,60
29.10.1999;32,59
30.10.1999;32,61
31.10.1999;32,61
01.11.1999;32,61
02.11.1999;32,62
03.11.1999;32,61
04.11.1999;32,61
05.11.1999;32,63
06.11.1999;32,63
07.11.1999;32,61
08.11.1999;32,61
09.11.1999;32,61
10.11.1999;32,62
11.11.1999;32,62
12.11.1999;32,62
13.11.1999;32,63
14.11.1999;32,64
15.11.1999;32,63
16.11.1999;32,63
17.11.1999;32,63
18.11.1999;32,62
19.11.1999;32,61
20.11.1999;32,60
21.11.1999;32,60
22.11.1999;32,59
23.11.1999;32,59
24.11.1999;32,59
25.11.1999;32,60
26.11.1999;32,60
27.11.1999;32,61
28.11.1999;32,62
29.11.1999;32,62
30.11.1999;32,61
01.12.1999;32,61
02.12.1999;32,60
03.12.1999;32,60
04.12.1999;32,58
05.12.1999;32,60
06.12.1999;32,60
07.12.1999;32,61
08.12.1999;32,60
09.12.1999;32,62
10.12.1999;32,62
11.12.1999;32,61
12.12.1999;32,61
13.12.1999;32,59
14.12.1999;32,62
15.12.1999;32,59
16.12.1999;32,58
17.12.1999;32,59
18.12.1999;32,60
19.12.1999;32,62
20.12.1999;32,61
21.12.1999;32,60
22.12.1999;32,59
23.12.1999;32,61
24.12.1999;32,60
25.12.1999;32,63
26.12.1999;32,62
27.12.1999;32,61
28.12.1999;32,61
29.12.1999;32,61
30.12.1999;32,60
31.12.1999;32,60
01.01.2000;32,60
02.01.2000;32,59
03.01.2000;32,60
04.01.2000;32,61
05.01.2000;32,60
06.01.2000;32,61
07.01.2000;32,61
08.01.2000;32,62
09.01.2000;32,61
10.01.2000;32,61
11.01.2000;32,60
12.01.2000;32,61
13.01.2000;32,62
14.01.2000;32,62
15.01.2000;32,61
16.01.2000;32,61
17.01.2000;32,62
18.01.2000;32,61
19.01.2000;32,60
20.01.2000;32,62
21.01.2000;32,61
22.01.2000;32,63
23.01.2000;32,60
24.01.2000;32,59
25.01.2000;32,59
26.01.2000;32,60
27.01.2000;32,61
28.01.2000;32,63
29.01.2000;32,65
30.01.2000;32,62
31.01.2000;32,61
01.02.2000;32,61
02.02.2000;32,62
03.02.2000;32,61
04.02.2000;32,60
05.02.2000;32,58
06.02.2000;32,59
07.02.2000;32,60
08.02.2000;32,61
09.02.2000;32,60
10.02.2000;32,60
11.02.2000;32,59
12.02.2000;32,59
13.02.2000;32,59
14.02.2000;32,58
15.02.2000;32,60
16.02.2000;32,61
17.02.2000;32,59
18.02.2000;32,59
19.02.2000;32,59
20.02.2000;32,58
23.02.2000;32,58
24.02.2000;32,59
25.02.2000;32,59
26.02.2000;32,57
27.02.2000;32,58
28.02.2000;32,60
01.03.2000;32,61
02.03.2000;32,59
03.03.2000;32,62
04.03.2000;32,60
05.03.2000;32,59
06.03.2000;32,60
07.03.2000;32,60
08.03.2000;32,59
09.03.2000;32,60
10.03.2000;32,61
11.03.2000;32,64
12.03.2000;32,60
13.03.2000;32,61
14.03.2000;32,61
15.03.2000;32,59
18.03.2000;32,59
19.03.2000;32,58
20.03.2000;32,58
21.03.2000;32,57
22.03.2000;32,58
23.03.2000;32,57
26.03.2000;32,57
27.03.2000;32,56
28.03.2000;32,57
29.03.2000;32,59
30.03.2000;32,61
31.03.2000;32,60
01.04.2000;32,59
02.04.2000;32,59
03.04.2000;32,60
04.04.2000;32,60
05.04.2000;32,58
06.04.2000;32,56
07.04.2000;32,58
08.04.2000;32,59
12.04.2000;32,59
13.04.2000;32,60
21.06.2000;32,61
24.06.2000;32,61
25.06.2000;32,60
26.06.2000;32,60
27.06.2000;32,59
28.06.2000;32,60
29.06.2000;32,60
30.06.2000;32,60
01.07.2000;32,61
02.07.2000;32,61
03.07.2000;32,62
04.07.2000;32,63
05.07.2000;32,63
06.07.2000;32,62
07.07.2000;32,63
08.07.2000;32,63
09.07.2000;32,63
10.07.2000;32,64
11.07.2000;32,63
12.07.2000;32,62
13.07.2000;32,62
14.07.2000;32,63
15.07.2000;32,62
16.07.2000;32,62
17.07.2000;32,62
18.07.2000;32,61
19.07.2000;32,62
20.07.2000;32,61
21.07.2000;32,61
22.07.2000;32,61
23.07.2000;32,62
24.07.2000;32,63
25.07.2000;32,63
26.07.2000;32,63
27.07.2000;32,62
28.07.2000;32,63
29.07.2000;32,62
30.07.2000;32,63
02.08.2000;32,63
03.08.2000;32,62
06.08.2000;32,62
07.08.2000;32,61
08.08.2000;32,61
09.08.2000;32,61
10.08.2000;32,62
13.08.2000;32,62
14.08.2000;32,63
22.08.2000;32,63
23.08.2000;32,62
24.08.2000;32,61
25.08.2000;32,60
26.08.2000;32,61
27.08.2000;32,61
28.08.2000;32,61
29.08.2000;32,62
30.08.2000;32,62
31.08.2000;32,63
01.09.2000;32,64
02.09.2000;32,64
03.09.2000;32,64
04.09.2000;32,62
05.09.2000;32,62
06.09.2000;32,62
07.09.2000;32,63
08.09.2000;32,62
09.09.2000;32,61
10.09.2000;32,60
11.09.2000;32,62
12.09.2000;32,63
15.09.2000;32,63
16.09.2000;32,64
17.09.2000;32,64
18.09.2000;32,63
19.09.2000;32,63
20.09.2000;32,63
21.09.2000;32,62
22.09.2000;32,61
23.09.2000;32,61
24.09.2000;32,63
25.09.2000;32,64
26.09.2000;32,63
27.09.2000;32,63
28.09.2000;32,63
29.09.2000;32,62
02.10.2000;32,62
03.10.2000;32,61
04.10.2000;32,62
05.10.2000;32,63
06.10.2000;32,62
07.10.2000;32,61
08.10.2000;32,61
09.10.2000;32,62
10.10.2000;32,64
11.10.2000;32,64
12.10.2000;32,62
13.10.2000;32,63
14.10.2000;32,62
15.10.2000;32,62
16.10.2000;32,63
17.10.2000;32,62
18.10.2000;32,61
19.10.2000;32,61
20.10.2000;32,60
21.10.2000;32,61
22.10.2000;32,61
23.10.2000;32,62
24.10.2000;32,63
29.10.2000;32,63
30.10.2000;32,64
31.10.2000;32,63
01.11.2000;32,62
05.11.2000;32,62
06.11.2000;32,64
07.11.2000;32,64
08.11.2000;32,64
09.11.2000;32,63
10.11.2000;32,63
11.11.2000;32,63
12.11.2000;32,64
13.11.2000;32,64
14.11.2000;32,63
18.11.2000;32,63
19.11.2000;32,64
22.11.2000;32,64
23.11.2000;32,63
24.11.2000;32,63
25.11.2000;32,63
26.11.2000;32,64
27.11.2000;32,63
28.11.2000;32,63
29.11.2000;32,63
30.11.2000;32,64
01.12.2000;32,64
02.12.2000;32,63
03.12.2000;32,63
04.12.2000;32,62
07.12.2000;32,62
08.12.2000;32,63
09.12.2000;32,62
10.12.2000;32,62
11.12.2000;32,61
12.12.2000;32,63
13.12.2000;32,63
14.12.2000;32,62
15.12.2000;32,61
16.12.2000;32,60
17.12.2000;32,59
21.12.2000;32,59
22.12.2000;32,60
23.12.2000;32,62
24.12.2000;32,62
25.12.2000;32,63
26.12.2000;32,63
27.12.2000;32,63
28.12.2000;32,62
29.12.2000;32,61
30.12.2000;32,62
31.12.2000;32,61
01.01.2001;32,62
02.01.2001;32,63
03.01.2001;32,62
04.01.2001;32,62
05.01.2001;32,62
06.01.2001;32,63
07.01.2001;32,62
08.01.2001;32,63
09.01.2001;32,63
10.01.2001;32,62
11.01.2001;32,61
14.01.2001;32,61
15.01.2001;32,62
16.01.2001;32,63
17.01.2001;32,63
18.01.2001;32,62
23.01.2001;32,62
24.01.2001;32,63
25.01.2001;32,62
26.01.2001;32,62
27.01.2001;32,63
01.02.2001;32,63
02.02.2001;32,61
03.02.2001;32,61
04.02.2001;32,61
05.02.2001;32,62
06.02.2001;32,61
07.02.2001;32,61
08.02.2001;32,63
09.02.2001;32,61
10.02.2001;32,59
11.02.2001;32,60
12.02.2001;32,60
13.02.2001;32,59
17.02.2001;32,59
18.02.2001;32,60
19.02.2001;32,61
20.02.2001;32,60
21.02.2001;32,61
22.02.2001;32,61
23.02.2001;32,63
24.02.2001;32,62
25.02.2001;32,63
26.02.2001;32,62
27.02.2001;32,61
28.02.2001;32,62
01.03.2001;32,62
02.03.2001;32,61
03.03.2001;32,61
04.03.2001;32,60
05.03.2001;32,59
06.03.2001;32,60
07.03.2001;32,61
08.03.2001;32,62
09.03.2001;32,62
10.03.2001;32,63
11.03.2001;32,64
12.03.2001;32,64
13.03.2001;32,63
14.03.2001;32,62
15.03.2001;32,61
16.03.2001;32,61
17.03.2001;32,62
18.03.2001;32,62
19.03.2001;32,62
20.03.2001;32,59
21.03.2001;32,60
22.03.2001;32,61
23.03.2001;32,59
24.03.2001;32,61
25.03.2001;32,62
26.03.2001;32,61
27.03.2001;32,61
28.03.2001;32,61
29.03.2001;32,63
30.03.2001;32,61
31.03.2001;32,60
01.04.2001;32,61
02.04.2001;32,61
03.04.2001;32,62
04.04.2001;32,63
05.04.2001;32,62
06.04.2001;32,63
07.04.2001;32,63
08.04.2001;32,60
09.04.2001;32,58
10.04.2001;32,59
11.04.2001;32,58
12.04.2001;32,58
13.04.2001;32,58
14.04.2001;32,59
15.04.2001;32,62
16.04.2001;32,61
17.04.2001;32,61
18.04.2001;32,62
19.04.2001;32,60
23.04.2001;32,60
24.04.2001;32,59
25.04.2001;32,60
26.04.2001;32,61
27.04.2001;32,61
28.04.2001;32,62
29.04.2001;32,61
30.04.2001;32,62
03.05.2001;32,62
04.05.2001;32,60
05.05.2001;32,60
06.05.2001;32,62
11.05.2001;32,62
12.05.2001;32,61
13.05.2001;32,62
14.05.2001;32,62
15.05.2001;32,61
18.05.2001;32,61
19.05.2001;32,60
23.05.2001;32,60
24.05.2001;32,61
25.05.2001;32,61
26.05.2001;32,61
27.05.2001;32,60
28.05.2001;32,60
29.05.2001;32,61
30.05.2001;32,60
31.05.2001;32,61
01.06.2001;32,62
02.06.2001;32,63
03.06.2001;32,62
04.06.2001;32,60
05.06.2001;32,60
06.06.2001;32,61
07.06.2001;32,61
08.06.2001;32,62
13.06.2001;32,62
14.06.2001;32,63
18.06.2001;32,63
19.06.2001;32,62
20.06.2001;32,63
21.06.2001;32,65
22.06.2001;32,64
23.06.2001;32,64
24.06.2001;32,63
25.06.2001;32,62
26.06.2001;32,62
27.06.2001;32,63
28.06.2001;32,63
29.06.2001;32,63
30.06.2001;32,64
01.07.2001;32,63
05.07.2001;32,63
06.07.2001;32,62
07.07.2001;32,63
08.07.2001;32,62
09.07.2001;32,61
10.07.2001;32,63
11.07.2001;32,64
12.07.2001;32,64
13.07.2001;32,64
14.07.2001;32,63
15.07.2001;32,62
16.07.2001;32,62
17.07.2001;32,61
18.07.2001;32,62
19.07.2001;32,62
20.07.2001;32,62
21.07.2001;32,61
22.07.2001;32,62
23.07.2001;32,62
24.07.2001;32,63
27.07.2001;32,63
28.07.2001;32,62
29.07.2001;32,62
30.07.2001;32,61
31.07.2001;32,61
01.08.2001;32,61
02.08.2001;32,62
03.08.2001;32,62
04.08.2001;32,61
05.08.2001;32,62
06.08.2001;32,62
07.08.2001;32,62
08.08.2001;32,64
09.08.2001;32,62
10.08.2001;32,62
11.08.2001;32,60
12.08.2001;32,61
13.08.2001;32,61
14.08.2001;32,61
15.08.2001;32,62
16.08.2001;32,62
17.08.2001;32,61
18.08.2001;32,62
19.08.2001;32,63
20.08.2001;32,63
21.08.2001;32,62
22.08.2001;32,61
23.08.2001;32,61
24.08.2001;32,62
25.08.2001;32,62
26.08.2001;32,62
27.08.2001;32,63
28.08.2001;32,63
29.08.2001;32,62
30.08.2001;32,63
31.08.2001;32,64
01.09.2001;32,63
02.09.2001;32,62
03.09.2001;32,62
04.09.2001;32,63
05.09.2001;32,62
06.09.2001;32,62
07.09.2001;32,62
08.09.2001;32,65
09.09.2001;32,64
10.09.2001;32,65
11.09.2001;32,65
12.09.2001;32,65
13.09.2001;32,64
14.09.2001;32,64
15.09.2001;32,65
16.09.2001;32,65
17.09.2001;32,64
18.09.2001;32,64
19.09.2001;32,65
20.09.2001;32,65
21.09.2001;32,65
22.09.2001;32,64
26.09.2001;32,64
27.09.2001;32,65
30.09.2001;32,65
01.10.2001;32,64
02.10.2001;32,63
03.10.2001;32,63
04.10.2001;32,64
05.10.2001;32,64
06.10.2001;32,63
07.10.2001;32,64
12.10.2001;32,64
13.10.2001;32,65
14.10.2001;32,64
15.10.2001;32,63
16.10.2001;32,63
17.10.2001;32,62
18.10.2001;32,64
19.10.2001;32,63
20.10.2001;32,63
21.10.2001;32,64
22.10.2001;32,63
23.10.2001;32,64
24.10.2001;32,65
25.10.2001;32,66
26.10.2001;32,65
27.10.2001;32,65
28.10.2001;32,64
31.10.2001;32,64
01.11.2001;32,61
02.11.2001;32,61
03.11.2001;32,63
04.11.2001;32,64
05.11.2001;32,64
06.11.2001;32,65
07.11.2001;32,66
08.11.2001;32,67
09.11.2001;32,64
10.11.2001;32,62
11.11.2001;32,64
14.11.2001;32,64
15.11.2001;32,65
16.11.2001;32,64
17.11.2001;32,65
18.11.2001;32,66
19.11.2001;32,66
20.11.2001;32,65
21.11.2001;32,64
22.11.2001;32,64
23.11.2001;32,65
24.11.2001;32,65
25.11.2001;32,66
26.11.2001;32,67
27.11.2001;32,66
28.11.2001;32,67
29.11.2001;32,65
30.11.2001;32,66
01.12.2001;32,66
02.12.2001;32,65
03.12.2001;32,64
04.12.2001;32,65
05.12.2001;32,66
06.12.2001;32,66
07.12.2001;32,64
08.12.2001;32,64
09.12.2001;32,64
10.12.2001;32,65
11.12.2001;32,65
12.12.2001;32,66
13.12.2001;32,65
16.12.2001;32,65
17.12.2001;32,66
18.12.2001;32,65
19.12.2001;32,65
20.12.2001;32,63
21.12.2001;32,67
22.12.2001;32,66
23.12.2001;32,65
24.12.2001;32,66
25.12.2001;32,65
26.12.2001;32,64
27.12.2001;32,64
28.12.2001;32,66
29.12.2001;32,64
30.12.2001;32,65
31.12.2001;32,64
01.01.2002;32,63
02.01.2002;32,62
03.01.2002;32,63
04.01.2002;32,64
05.01.2002;32,63
06.01.2002;32,64
07.01.2002;32,63
08.01.2002;32,64
09.01.2002;32,65
10.01.2002;32,66
15.01.2002;32,66
16.01.2002;32,65
17.01.2002;32,64
18.01.2002;32,66
19.01.2002;32,66
20.01.2002;32,66
21.01.2002;32,67
22.01.2002;32,66
23.01.2002;32,66
24.01.2002;32,66
25.01.2002;32,63
26.01.2002;32,66
27.01.2002;32,67
28.01.2002;32,67
29.01.2002;32,64
30.01.2002;32,64
31.01.2002;32,65
01.02.2002;32,64
04.02.2002;32,64
05.02.2002;32,65
06.02.2002;32,66
07.02.2002;32,64
08.02.2002;32,65
12.02.2002;32,65
13.02.2002;32,64
16.02.2002;32,64
17.02.2002;32,65
18.02.2002;32,65
19.02.2002;32,66
20.02.2002;32,68
21.02.2002;32,65
22.02.2002;32,67
23.02.2002;32,66
24.02.2002;32,65
25.02.2002;32,66
26.02.2002;32,67
27.02.2002;32,67
28.02.2002;32,66
01.03.2002;32,64
02.03.2002;32,63
03.03.2002;32,63
04.03.2002;32,64
05.03.2002;32,66
06.03.2002;32,66
07.03.2002;32,65
08.03.2002;32,63
09.03.2002;32,65
10.03.2002;32,63
11.03.2002;32,64
14.03.2002;32,64
15.03.2002;32,65
16.03.2002;32,65
17.03.2002;32,64
18.03.2002;32,64
19.03.2002;32,66
20.03.2002;32,66
21.03.2002;32,67
22.03.2002;32,67
23.03.2002;32,65
24.03.2002;32,64
25.03.2002;32,65
26.03.2002;32,64
27.03.2002;32,65
28.03.2002;32,65
29.03.2002;32,66
30.03.2002;32,66
31.03.2002;32,65
01.04.2002;32,66
02.04.2002;32,67
03.04.2002;32,68
04.04.2002;32,68
05.04.2002;32,67
06.04.2002;32,67
07.04.2002;32,66
08.04.2002;32,65
09.04.2002;32,67
10.04.2002;32,69
11.04.2002;32,69
12.04.2002;32,68
13.04.2002;32,67
14.04.2002;32,66
15.04.2002;32,67
16.04.2002;32,68
17.04.2002;32,68
18.04.2002;32,68
19.04.2002;32,67
20.04.2002;32,66
21.04.2002;32,65
22.04.2002;32,65
23.04.2002;32,65
24.04.2002;32,66
25.04.2002;32,66
26.04.2002;32,66
27.04.2002;32,65
28.04.2002;32,65
29.04.2002;32,64
30.04.2002;32,65
01.05.2002;32,64
02.05.2002;32,65
03.05.2002;32,65
04.05.2002;32,66
05.05.2002;32,66
06.05.2002;32,67
07.05.2002;32,67
08.05.2002;32,68
09.05.2002;32,67
10.05.2002;32,67
11.05.2002;32,67
12.05.2002;32,66
13.05.2002;32,66
14.05.2002;32,67
15.05.2002;32,66
16.05.2002;32,66
17.05.2002;32,66
18.05.2002;32,65
22.05.2002;32,65
23.05.2002;32,66
24.05.2002;32,68
25.05.2002;32,68
26.05.2002;32,68
27.05.2002;32,67
28.05.2002;32,68
29.05.2002;32,67
30.05.2002;32,65
31.05.2002;32,66
01.06.2002;32,66
02.06.2002;32,68
03.06.2002;32,68
04.06.2002;32,68
05.06.2002;32,67
06.06.2002;32,66
11.06.2002;32,66
12.06.2002;32,67
13.06.2002;32,69
14.06.2002;32,67
15.06.2002;32,67
16.06.2002;32,65
17.06.2002;32,65
18.06.2002;32,66
19.06.2002;32,66
20.06.2002;32,67
21.06.2002;32,66
22.06.2002;32,65
23.06.2002;32,64
26.06.2002;32,64
27.06.2002;32,66
28.06.2002;32,65
29.06.2002;32,64
30.06.2002;32,65
01.07.2002;32,66
02.07.2002;32,67
03.07.2002;32,67
04.07.2002;32,67
05.07.2002;32,66
06.07.2002;32,67
07.07.2002;32,66
08.07.2002;32,66
09.07.2002;32,67
10.07.2002;32,66
11.07.2002;32,65
12.07.2002;32,67
13.07.2002;32,67
14.07.2002;32,66
15.07.2002;32,67
18.07.2002;32,67
19.07.2002;32,66
20.07.2002;32,66
21.07.2002;32,67
22.07.2002;32,65
23.07.2002;32,66
24.07.2002;32,67
25.07.2002;32,67
26.07.2002;32,67
27.07.2002;32,66
01.08.2002;32,66
02.08.2002;32,65
03.08.2002;32,64
04.08.2002;32,64
05.08.2002;32,65
06.08.2002;32,66
07.08.2002;32,65
08.08.2002;32,65
09.08.2002;32,66
10.08.2002;32,66
11.08.2002;32,66
12.08.2002;32,67
13.08.2002;32,69
14.08.2002;32,68
15.08.2002;32,66
16.08.2002;32,64
17.08.2002;32,64
18.08.2002;32,63
19.08.2002;32,63
20.08.2002;32,65
21.08.2002;32,67
22.08.2002;32,68
23.08.2002;32,68
24.08.2002;32,67
25.08.2002;32,66
26.08.2002;32,65
27.08.2002;32,66
28.08.2002;32,67
29.08.2002;32,67
30.08.2002;32,66
31.08.2002;32,66
01.09.2002;32,64
02.09.2002;32,64
03.09.2002;32,66
04.09.2002;32,67
06.09.2002;32,67
07.09.2002;32,68
08.09.2002;32,67
09.09.2002;32,67
10.09.2002;32,66
11.09.2002;32,65
12.09.2002;32,64
13.09.2002;32,65
14.09.2002;32,66
15.09.2002;32,65
20.09.2002;32,65
21.09.2002;32,66
22.09.2002;32,67
23.09.2002;32,68
24.09.2002;32,66
25.09.2002;32,67
26.09.2002;32,68
27.09.2002;32,67
28.09.2002;32,66
29.09.2002;32,65
30.09.2002;32,64
01.10.2002;32,65
02.10.2002;32,66
03.10.2002;32,67
05.10.2002;32,67
06.10.2002;32,69
07.10.2002;32,68
08.10.2002;32,67
09.10.2002;32,66
10.10.2002;32,66
11.10.2002;32,67
12.10.2002;32,67
13.10.2002;32,67
14.10.2002;32,68
15.10.2002;32,67
16.10.2002;32,68
17.10.2002;32,68
18.10.2002;32,67
19.10.2002;32,67
20.10.2002;32,67
21.10.2002;32,68
22.10.2002;32,68
23.10.2002;32,69
24.10.2002;32,67
25.10.2002;32,68
26.10.2002;32,67
27.10.2002;32,66
28.10.2002;32,63
29.10.2002;32,65
30.10.2002;32,66
02.11.2002;32,66
03.11.2002;32,67
04.11.2002;32,66
05.11.2002;32,65
06.11.2002;32,66
07.11.2002;32,67
08.11.2002;32,66
09.11.2002;32,70
10.11.2002;32,67
11.11.2002;32,69
12.11.2002;32,68
13.11.2002;32,68
14.11.2002;32,67
15.11.2002;32,67
16.11.2002;32,66
17.11.2002;32,65
18.11.2002;32,64
19.11.2002;32,64
20.11.2002;32,64
21.11.2002;32,66
22.11.2002;32,66
23.11.2002;32,66
24.11.2002;32,68
25.11.2002;32,69
26.11.2002;32,68
27.11.2002;32,66
28.11.2002;32,67
29.11.2002;32,66
30.11.2002;32,66
01.12.2002;32,67
02.12.2002;32,68
03.12.2002;32,67
06.12.2002;32,67
07.12.2002;32,68
08.12.2002;32,67
09.12.2002;32,67
10.12.2002;32,66
11.12.2002;32,65
12.12.2002;32,66
13.12.2002;32,66
14.12.2002;32,67
15.12.2002;32,68
16.12.2002;32,69
17.12.2002;32,69
18.12.2002;32,68
19.12.2002;32,69
20.12.2002;32,70
21.12.2002;32,69
22.12.2002;32,68
23.12.2002;32,68
24.12.2002;32,70
25.12.2002;32,70
26.12.2002;32,69
27.12.2002;32,70
30.12.2002;32,70
31.12.2002;32,68
01.01.2003;32,68
02.01.2003;32,69
03.01.2003;32,69
04.01.2003;32,69
05.01.2003;32,68
06.01.2003;32,68
07.01.2003;32,68
08.01.2003;32,66
09.01.2003;32,66
10.01.2003;32,65
11.01.2003;32,64
12.01.2003;32,65
13.01.2003;32,66
14.01.2003;32,65
15.01.2003;32,65
16.01.2003;32,66
17.01.2003;32,67
18.01.2003;32,69
19.01.2003;32,68
20.01.2003;32,66
21.01.2003;32,66
22.01.2003;32,64
25.01.2003;32,64
26.01.2003;32,65
27.01.2003;32,66
28.01.2003;32,65
29.01.2003;32,67
30.01.2003;32,66
31.01.2003;32,65
01.02.2003;32,64
02.02.2003;32,66
03.02.2003;32,67
04.02.2003;32,67
05.02.2003;32,65
06.02.2003;32,64
07.02.2003;32,64
08.02.2003;32,65
09.02.2003;32,65
10.02.2003;32,66
11.02.2003;32,66
12.02.2003;32,65
13.02.2003;32,65
14.02.2003;32,66
15.02.2003;32,65
16.02.2003;32,65
17.02.2003;32,64
18.02.2003;32,65
19.02.2003;32,66
20.02.2003;32,68
21.02.2003;32,68
22.02.2003;32,68
23.02.2003;32,67
24.02.2003;32,66
25.02.2003;32,67
26.02.2003;32,68
27.02.2003;32,69
28.02.2003;32,69
01.03.2003;32,69
02.03.2003;32,70
03.03.2003;32,69
06.03.2003;32,69
07.03.2003;32,69
08.03.2003;32,70
09.03.2003;32,69
10.03.2003;32,68
13.03.2003;32,68
14.03.2003;32,67
15.03.2003;32,66
16.03.2003;32,66
17.03.2003;32,67
18.03.2003;32,66
19.03.2003;32,67
20.03.2003;32,67
21.03.2003;32,66
25.03.2003;32,66
26.03.2003;32,65
27.03.2003;32,67
28.03.2003;32,67
29.03.2003;32,68
30.03.2003;32,66
31.03.2003;32,67
01.04.2003;32,67
02.04.2003;32,67
03.04.2003;32,66
04.04.2003;32,67
07.04.2003;32,67
08.04.2003;32,68
09.04.2003;32,69
10.04.2003;32,69
11.04.2003;32,68
12.04.2003;32,68
13.04.2003;32,67
17.04.2003;32,67
18.04.2003;32,68
19.04.2003;32,68
20.04.2003;32,68
21.04.2003;32,67
24.04.2003;32,67
25.04.2003;32,68
26.04.2003;32,69
27.04.2003;32,68
28.04.2003;32,67
29.04.2003;32,67
30.04.2003;32,67
01.05.2003;32,66
04.05.2003;32,66
05.05.2003;32,67
06.05.2003;32,66
07.05.2003;32,65
08.05.2003;32,66
09.05.2003;32,66
10.05.2003;32,66
11.05.2003;32,67
12.05.2003;32,67
13.05.2003;32,67
14.05.2003;32,66
15.05.2003;32,66
16.05.2003;32,66
17.05.2003;32,67
18.05.2003;32,67
19.05.2003;32,68
20.05.2003;32,68
21.05.2003;32,67
22.05.2003;32,66
23.05.2003;32,66
24.05.2003;32,67
25.05.2003;32,67
26.05.2003;32,65
27.05.2003;32,65
28.05.2003;32,66
31.05.2003;32,66
01.06.2003;32,65
06.06.2003;32,65
07.06.2003;32,66
08.06.2003;32,66
09.06.2003;32,65
10.06.2003;32,65
11.06.2003;32,65
12.06.2003;32,66
13.06.2003;32,65
14.06.2003;32,66
15.06.2003;32,66
16.06.2003;32,67
17.06.2003;32,67
18.06.2003;32,68
19.06.2003;32,67
22.06.2003;32,67
23.06.2003;32,69
24.06.2003;32,67
25.06.2003;32,67
26.06.2003;32,66
27.06.2003;32,66
28.06.2003;32,66
29.06.2003;32,67
30.06.2003;32,66
01.07.2003;32,67
05.07.2003;32,67
06.07.2003;32,66
07.07.2003;32,66
08.07.2003;32,67
09.07.2003;32,67
10.07.2003;32,66
11.07.2003;32,67
12.07.2003;32,66
13.07.2003;32,66
14.07.2003;32,67
15.07.2003;32,67
16.07.2003;32,67
17.07.2003;32,66
21.07.2003;32,66
22.07.2003;32,65
23.07.2003;32,65
24.07.2003;32,65
25.07.2003;32,66
26.07.2003;32,67
30.07.2003;32,67
31.07.2003;32,68
01.08.2003;32,68
02.08.2003;32,68
03.08.2003;32,67
04.08.2003;32,67
05.08.2003;32,66
13.08.2003;32,66
14.08.2003;32,65
31.08.2003;32,65
01.09.2003;32,66
03.10.2003;32,65
06.10.2003;32,65
07.10.2003;32,66
08.10.2003;32,65
11.10.2003;32,65
12.10.2003;32,64
13.10.2003;32,63
14.10.2003;32,64
15.10.2003;32,64
16.10.2003;32,65
17.10.2003;32,65
18.10.2003;32,66
21.10.2003;32,66
22.10.2003;32,65
23.10.2003;32,66
24.10.2003;32,65
28.10.2003;32,65
29.10.2003;32,67
01.11.2003;32,67
02.11.2003;32,65
03.11.2003;32,65
04.11.2003;32,64
05.11.2003;32,64
06.11.2003;32,65
09.11.2003;32,65
10.11.2003;32,64
11.11.2003;32,65
12.11.2003;32,65
13.11.2003;32,66
14.11.2003;32,67
15.11.2003;32,67
16.11.2003;32,66
17.11.2003;32,65
23.11.2003;32,65
24.11.2003;32,64
25.11.2003;32,64
26.11.2003;32,65
28.11.2003;32,65
29.11.2003;32,64
30.11.2003;32,64
01.12.2003;32,63
07.12.2003;32,63
08.12.2003;32,65
09.12.2003;32,65
10.12.2003;32,66
11.12.2003;32,65
12.12.2003;32,64
13.12.2003;32,65
14.12.2003;32,67
15.12.2003;32,64
16.12.2003;32,62
17.12.2003;32,64
18.12.2003;32,64
19.12.2003;32,65
20.12.2003;32,65
21.12.2003;32,67
22.12.2003;32,64
23.12.2003;32,62
24.12.2003;32,63
25.12.2003;32,63
26.12.2003;32,63
27.12.2003;32,65
28.12.2003;32,66
29.12.2003;32,65
30.12.2003;32,65
31.12.2003;32,64
01.01.2004;32,66
02.01.2004;32,65
03.01.2004;32,64
04.01.2004;32,65
05.01.2004;32,64
06.01.2004;32,65
07.01.2004;32,65
08.01.2004;32,65
09.01.2004;32,67
10.01.2004;32,66
11.01.2004;32,67
12.01.2004;32,67
13.01.2004;32,67
14.01.2004;32,66
15.01.2004;32,66
16.01.2004;32,68
17.01.2004;32,68
18.01.2004;32,65
19.01.2004;32,66
20.01.2004;32,66
21.01.2004;32,65
22.01.2004;32,65
23.01.2004;32,65
24.01.2004;32,64
25.01.2004;32,64
26.01.2004;32,64
27.01.2004;32,65
28.01.2004;32,66
29.01.2004;32,68
30.01.2004;32,66
31.01.2004;32,66
01.02.2004;32,65
02.02.2004;32,67
03.02.2004;32,65
04.02.2004;32,67
05.02.2004;32,66
06.02.2004;32,65
07.02.2004;32,65
08.02.2004;32,64
09.02.2004;32,63
10.02.2004;32,63
11.02.2004;32,64
12.02.2004;32,64
13.02.2004;32,64
14.02.2004;32,64
15.02.2004;32,63
16.02.2004;32,63
17.02.2004;32,64
18.02.2004;32,64
19.02.2004;32,63
20.02.2004;32,63
21.02.2004;32,64
22.02.2004;32,65
23.02.2004;32,65
24.02.2004;32,66
25.02.2004;32,67
26.02.2004;32,66
27.02.2004;32,66
28.02.2004;32,66
29.02.2004;32,66
01.03.2004;32,65
02.03.2004;32,65
03.03.2004;32,64
04.03.2004;32,64
05.03.2004;32,64
06.03.2004;32,66
07.03.2004;32,65
08.03.2004;32,64
09.03.2004;32,65
10.03.2004;32,65
11.03.2004;32,67
12.03.2004;32,66
13.03.2004;32,66
14.03.2004;32,64
15.03.2004;32,64
16.03.2004;32,65
17.03.2004;32,66
18.03.2004;32,66
19.03.2004;32,66
20.03.2004;32,66
21.03.2004;32,66
22.03.2004;32,66
23.03.2004;32,65
24.03.2004;32,65
25.03.2004;32,64
26.03.2004;32,64
27.03.2004;32,65
28.03.2004;32,65
29.03.2004;32,64
30.03.2004;32,64
31.03.2004;32,64
01.04.2004;32,66
02.04.2004;32,67
03.04.2004;32,66
04.04.2004;32,66
05.04.2004;32,66
06.04.2004;32,67
07.04.2004;32,67
08.04.2004;32,67
09.04.2004;32,67
10.04.2004;32,67
11.04.2004;32,66
12.04.2004;32,65
13.04.2004;32,65
14.04.2004;32,65
15.04.2004;32,65
16.04.2004;32,66
17.04.2004;32,66
18.04.2004;32,67
19.04.2004;32,67
20.04.2004;32,66
21.04.2004;32,66
22.04.2004;32,66
23.04.2004;32,66
24.04.2004;32,65
25.04.2004;32,65
26.04.2004;32,65
27.04.2004;32,65
28.04.2004;32,66
29.04.2004;32,67
30.04.2004;32,67
01.05.2004;32,67
02.05.2004;32,66
03.05.2004;32,64
04.05.2004;32,66
05.05.2004;32,67
06.05.2004;32,67
07.05.2004;32,67
08.05.2004;32,66
09.05.2004;32,66
10.05.2004;32,65
11.05.2004;32,64
12.05.2004;32,65
13.05.2004;32,64
14.05.2004;32,64
15.05.2004;32,64
16.05.2004;32,63
17.05.2004;32,64
18.05.2004;32,65
19.05.2004;32,64
20.05.2004;32,63
21.05.2004;32,64
22.05.2004;32,64
23.05.2004;32,64
24.05.2004;32,64
25.05.2004;32,65
26.05.2004;32,65
27.05.2004;32,65
28.05.2004;32,65
29.05.2004;32,66
30.05.2004;32,66
31.05.2004;32,66
01.06.2004;32,64
02.06.2004;32,65
03.06.2004;32,65
04.06.2004;32,65
05.06.2004;32,65
06.06.2004;32,65
07.06.2004;32,65
08.06.2004;32,65
09.06.2004;32,65
10.06.2004;32,66
11.06.2004;32,66
12.06.2004;32,65
13.06.2004;32,64
14.06.2004;32,64
15.06.2004;32,65
16.06.2004;32,64
17.06.2004;32,65
18.06.2004;32,66
19.06.2004;32,66
20.06.2004;32,66
21.06.2004;32,66
22.06.2004;32,66
23.06.2004;32,67
24.06.2004;32,66
25.06.2004;32,65
26.06.2004;32,64
27.06.2004;32,64
28.06.2004;32,64
29.06.2004;32,63
30.06.2004;32,64
01.07.2004;32,65
02.07.2004;32,64
03.07.2004;32,65
04.07.2004;32,65
05.07.2004;32,63
06.07.2004;32,65
07.07.2004;32,65
08.07.2004;32,65
09.07.2004;32,66
10.07.2004;32,65
11.07.2004;32,65
12.07.2004;32,65
13.07.2004;32,65
14.07.2004;32,65
15.07.2004;32,65
16.07.2004;32,65
17.07.2004;32,64
18.07.2004;32,65
19.07.2004;32,66
20.07.2004;32,66
21.07.2004;32,66
22.07.2004;32,65
23.07.2004;32,65
24.07.2004;32,64
25.07.2004;32,64
26.07.2004;32,64
27.07.2004;32,63
28.07.2004;32,63
29.07.2004;32,64
30.07.2004;32,65
31.07.2004;32,65
01.08.2004;32,65
02.08.2004;32,66
03.08.2004;32,66
04.08.2004;32,65
05.08.2004;32,65
06.08.2004;32,65
07.08.2004;32,64
08.08.2004;32,63
09.08.2004;32,63
10.08.2004;32,63
11.08.2004;32,63
12.08.2004;32,61
13.08.2004;32,63
14.08.2004;32,63
15.08.2004;32,64
16.08.2004;32,65
17.08.2004;32,65
18.08.2004;32,65
19.08.2004;32,65
20.08.2004;32,64
21.08.2004;32,64
22.08.2004;32,63
23.08.2004;32,63
24.08.2004;32,64
25.08.2004;32,64
26.08.2004;32,64
27.08.2004;32,63
28.08.2004;32,63
29.08.2004;32,64
30.08.2004;32,66
31.08.2004;32,66
01.09.2004;32,66
02.09.2004;32,64
03.09.2004;32,64
04.09.2004;32,63
05.09.2004;32,64
06.09.2004;32,64
07.09.2004;32,64
08.09.2004;32,64
09.09.2004;32,64
10.09.2004;32,65
11.09.2004;32,66
12.09.2004;32,66
13.09.2004;32,65
14.09.2004;32,64
15.09.2004;32,64
16.09.2004;32,63
17.09.2004;32,63
18.09.2004;32,64
19.09.2004;32,64
20.09.2004;32,64
21.09.2004;32,64
22.09.2004;32,64
23.09.2004;32,65
24.09.2004;32,65
25.09.2004;32,64
26.09.2004;32,64
27.09.2004;32,64
28.09.2004;32,63
29.09.2004;32,64
30.09.2004;32,64
01.10.2004;32,64
02.10.2004;32,64
03.10.2004;32,63
04.10.2004;32,63
05.10.2004;32,64
06.10.2004;32,64
07.10.2004;32,64
08.10.2004;32,65
09.10.2004;32,64
10.10.2004;32,64
11.10.2004;32,63
12.10.2004;32,63
13.10.2004;32,64
14.10.2004;32,64
15.10.2004;32,64
16.10.2004;32,64
17.10.2004;32,64
18.10.2004;32,64
19.10.2004;32,64
20.10.2004;32,64
21.10.2004;32,65
22.10.2004;32,64
23.10.2004;32,65
24.10.2004;32,64
25.10.2004;32,64
26.10.2004;32,63
27.10.2004;32,63
28.10.2004;32,64
29.10.2004;32,63
30.10.2004;32,64
31.10.2004;32,63
01.11.2004;32,62
02.11.2004;32,64
03.11.2004;32,66
04.11.2004;32,65
05.11.2004;32,64
06.11.2004;32,64
07.11.2004;32,63
08.11.2004;32,63
09.11.2004;32,64
10.11.2004;32,64
11.11.2004;32,63
12.11.2004;32,63
13.11.2004;32,63
14.11.2004;32,63
15.11.2004;32,64
16.11.2004;32,64
17.11.2004;32,66
18.11.2004;32,65
19.11.2004;32,66
20.11.2004;32,65
21.11.2004;32,63
22.11.2004;32,64
23.11.2004;32,63
24.11.2004;32,62
25.11.2004;32,64
26.11.2004;32,65
27.11.2004;32,64
28.11.2004;32,64
29.11.2004;32,63
30.11.2004;32,61
01.12.2004;32,63
02.12.2004;32,62
03.12.2004;32,62
04.12.2004;32,62
05.12.2004;32,63
06.12.2004;32,62
07.12.2004;32,63
08.12.2004;32,63
09.12.2004;32,63
10.12.2004;32,63
11.12.2004;32,63
12.12.2004;32,63
13.12.2004;32,63
14.12.2004;32,63
15.12.2004;32,64
16.12.2004;32,64
17.12.2004;32,65
18.12.2004;32,64
19.12.2004;32,65
20.12.2004;32,64
21.12.2004;32,63
22.12.2004;32,64
23.12.2004;32,64
24.12.2004;32,64
25.12.2004;32,65
26.12.2004;32,63
27.12.2004;32,63
28.12.2004;32,65
29.12.2004;32,63
30.12.2004;32,63
31.12.2004;32,63
01.01.2005;32,62
02.01.2005;32,62
03.01.2005;32,63
04.01.2005;32,63
05.01.2005;32,63
06.01.2005;32,64
07.01.2005;32,62
08.01.2005;32,62
09.01.2005;32,60
10.01.2005;32,60
11.01.2005;32,61
12.01.2005;32,63
13.01.2005;32,63
14.01.2005;32,62
15.01.2005;32,61
16.01.2005;32,62
17.01.2005;32,62
18.01.2005;32,64
19.01.2005;32,63
20.01.2005;32,65
21.01.2005;32,62
22.01.2005;32,62
23.01.2005;32,63
24.01.2005;32,62
25.01.2005;32,62
26.01.2005;32,62
27.01.2005;32,62
28.01.2005;32,64
29.01.2005;32,63
30.01.2005;32,63
31.01.2005;32,63
01.02.2005;32,62
02.02.2005;32,63
03.02.2005;32,62
04.02.2005;32,62
05.02.2005;32,63
06.02.2005;32,63
07.02.2005;32,63
08.02.2005;32,62
09.02.2005;32,62
10.02.2005;32,63
11.02.2005;32,62
12.02.2005;32,64
13.02.2005;32,63
14.02.2005;32,63
15.02.2005;32,62
16.02.2005;32,62
17.02.2005;32,61
18.02.2005;32,62
19.02.2005;32,63
20.02.2005;32,64
21.02.2005;32,64
22.02.2005;32,64
23.02.2005;32,63
24.02.2005;32,62
25.02.2005;32,63
26.02.2005;32,62
27.02.2005;32,62
28.02.2005;32,62
01.03.2005;32,64
02.03.2005;32,64
03.03.2005;32,64
04.03.2005;32,63
05.03.2005;32,63
06.03.2005;32,62
07.03.2005;32,62
08.03.2005;32,62
09.03.2005;32,63
10.03.2005;32,63
11.03.2005;32,65
12.03.2005;32,64
13.03.2005;32,62
14.03.2005;32,63
15.03.2005;32,63
16.03.2005;32,64
17.03.2005;32,63
18.03.2005;32,63
19.03.2005;32,62
20.03.2005;32,62
21.03.2005;32,61
22.03.2005;32,61
23.03.2005;32,62
24.03.2005;32,61
25.03.2005;32,63
26.03.2005;32,64
27.03.2005;32,64
28.03.2005;32,63
29.03.2005;32,63
30.03.2005;32,62
31.03.2005;32,61
01.04.2005;32,61
02.04.2005;32,63
03.04.2005;32,63
04.04.2005;32,64
05.04.2005;32,64
06.04.2005;32,64
07.04.2005;32,65
08.04.2005;32,65
09.04.2005;32,64
10.04.2005;32,64
11.04.2005;32,64
12.04.2005;32,65
13.04.2005;32,64
14.04.2005;32,64
15.04.2005;32,64
16.04.2005;32,63
17.04.2005;32,63
18.04.2005;32,63
19.04.2005;32,63
20.04.2005;32,63
21.04.2005;32,63
22.04.2005;32,63
23.04.2005;32,63
24.04.2005;32,63
25.04.2005;32,64
26.04.2005;32,64
27.04.2005;32,62
28.04.2005;32,63
29.04.2005;32,64
30.04.2005;32,64
01.05.2005;32,64
02.05.2005;32,63
03.05.2005;32,62
04.05.2005;32,61
05.05.2005;32,61
06.05.2005;32,62
07.05.2005;32,62
08.05.2005;32,62
09.05.2005;32,63
10.05.2005;32,64
11.05.2005;32,64
12.05.2005;32,65
13.05.2005;32,64
14.05.2005;32,64
15.05.2005;32,64
16.05.2005;32,65
17.05.2005;32,64
18.05.2005;32,64
19.05.2005;32,63
20.05.2005;32,63
21.05.2005;32,64
22.05.2005;32,65
23.05.2005;32,65
24.05.2005;32,63
25.05.2005;32,60
26.05.2005;32,62
27.05.2005;32,63
28.05.2005;32,63
29.05.2005;32,63
30.05.2005;32,63
31.05.2005;32,63
01.06.2005;32,62
02.06.2005;32,63
03.06.2005;32,62
04.06.2005;32,62
05.06.2005;32,62
06.06.2005;32,63
07.06.2005;32,63
08.06.2005;32,63
09.06.2005;32,64
10.06.2005;32,64
11.06.2005;32,64
12.06.2005;32,64
13.06.2005;32,64
14.06.2005;32,63
15.06.2005;32,63
16.06.2005;32,65
17.06.2005;32,64
18.06.2005;32,63
19.06.2005;32,64
20.06.2005;32,64
21.06.2005;32,64
22.06.2005;32,62
23.06.2005;32,62
24.06.2005;32,62
25.06.2005;32,62
26.06.2005;32,61
27.06.2005;32,62
28.06.2005;32,61
29.06.2005;32,62
30.06.2005;32,59
01.07.2005;32,59
02.07.2005;32,59
03.07.2005;32,60
04.07.2005;32,61
05.07.2005;32,59
06.07.2005;32,62
07.07.2005;32,62
08.07.2005;32,62
09.07.2005;32,61
10.07.2005;32,61
11.07.2005;32,61
12.07.2005;32,61
13.07.2005;32,62
14.07.2005;32,62
15.07.2005;32,62
16.07.2005;32,61
17.07.2005;32,60
18.07.2005;32,60
19.07.2005;32,60
20.07.2005;32,59
21.07.2005;32,60
22.07.2005;32,60
23.07.2005;32,60
24.07.2005;32,60
25.07.2005;32,61
26.07.2005;32,61
27.07.2005;32,61
28.07.2005;32,61
29.07.2005;32,59
30.07.2005;32,61
31.07.2005;32,61
01.08.2005;32,61
02.08.2005;32,60
03.08.2005;32,60
04.08.2005;32,60
05.08.2005;32,60
06.08.2005;32,61
07.08.2005;32,61
08.08.2005;32,61
09.08.2005;32,61
10.08.2005;32,61
11.08.2005;32,61
12.08.2005;32,60
13.08.2005;32,60
14.08.2005;32,61
15.08.2005;32,60
16.08.2005;32,60
17.08.2005;32,60
18.08.2005;32,60
19.08.2005;32,60
20.08.2005;32,60
21.08.2005;32,61
22.08.2005;32,62
23.08.2005;32,62
24.08.2005;32,61
25.08.2005;32,62
26.08.2005;32,61
27.08.2005;32,62
28.08.2005;32,61
29.08.2005;32,60
30.08.2005;32,61
31.08.2005;32,61
01.09.2005;32,62
02.09.2005;32,61
03.09.2005;32,60
04.09.2005;32,61
05.09.2005;32,61
06.09.2005;32,61
07.09.2005;32,61
08.09.2005;32,61
09.09.2005;32,61
10.09.2005;32,62
11.09.2005;32,62
12.09.2005;32,63
13.09.2005;32,60
14.09.2005;32,61
15.09.2005;32,61
16.09.2005;32,63
17.09.2005;32,62
18.09.2005;32,61
19.09.2005;32,61
20.09.2005;32,61
21.09.2005;32,62
22.09.2005;32,62
23.09.2005;32,63
24.09.2005;32,63
25.09.2005;32,63
26.09.2005;32,62
27.09.2005;32,63
28.09.2005;32,62
29.09.2005;32,62
30.09.2005;32,62
01.10.2005;32,63
02.10.2005;32,62
03.10.2005;32,63
04.10.2005;32,63
05.10.2005;32,63
06.10.2005;32,62
07.10.2005;32,62
08.10.2005;32,62
09.10.2005;32,61
10.10.2005;32,61
11.10.2005;32,61
12.10.2005;32,62
13.10.2005;32,62
14.10.2005;32,62
15.10.2005;32,63
16.10.2005;32,63
17.10.2005;32,63
18.10.2005;32,64
19.10.2005;32,64
20.10.2005;32,64
21.10.2005;32,64
22.10.2005;32,64
23.10.2005;32,64
24.10.2005;32,64
25.10.2005;32,64
26.10.2005;32,62
27.10.2005;32,61
28.10.2005;32,61
29.10.2005;32,62
30.10.2005;32,61
31.10.2005;32,62
01.11.2005;32,62
02.11.2005;32,61
03.11.2005;32,62
04.11.2005;32,63
05.11.2005;32,63
06.11.2005;32,63
07.11.2005;32,63
08.11.2005;32,63
09.11.2005;32,63
10.11.2005;32,62
11.11.2005;32,63
12.11.2005;32,63
13.11.2005;32,62
14.11.2005;32,62
15.11.2005;32,64
16.11.2005;32,64
17.11.2005;32,63
18.11.2005;32,63
19.11.2005;32,62
20.11.2005;32,63
21.11.2005;32,63
22.11.2005;32,63
23.11.2005;32,64
24.11.2005;32,64
25.11.2005;32,65
26.11.2005;32,63
27.11.2005;32,63
28.11.2005;32,63
29.11.2005;32,63
30.11.2005;32,63
01.12.2005;32,63
02.12.2005;32,63
03.12.2005;32,64
04.12.2005;32,63
05.12.2005;32,63
06.12.2005;32,62
07.12.2005;32,62
08.12.2005;32,62
09.12.2005;32,62
10.12.2005;32,63
11.12.2005;32,63
12.12.2005;32,64
13.12.2005;32,63
14.12.2005;32,64
15.12.2005;32,64
16.12.2005;32,65
17.12.2005;32,63
18.12.2005;32,63
19.12.2005;32,62
20.12.2005;32,62
21.12.2005;32,62
22.12.2005;32,61
23.12.2005;32,62
24.12.2005;32,63
25.12.2005;32,62
26.12.2005;32,63
27.12.2005;32,63
28.12.2005;32,63
29.12.2005;32,63
30.12.2005;32,62
31.12.2005;32,63
01.01.2006;32,62
02.01.2006;32,62
03.01.2006;32,62
04.01.2006;32,62
05.01.2006;32,63
06.01.2006;32,62
07.01.2006;32,61
08.01.2006;32,61
09.01.2006;32,61
10.01.2006;32,61
11.01.2006;32,61
12.01.2006;32,61
13.01.2006;32,62
14.01.2006;32,62
15.01.2006;32,62
16.01.2006;32,62
17.01.2006;32,62
18.01.2006;32,62
19.01.2006;32,60
20.01.2006;32,61
21.01.2006;32,62
22.01.2006;32,61
23.01.2006;32,60
24.01.2006;32,60
25.01.2006;32,61
26.01.2006;32,62
27.01.2006;32,61
28.01.2006;32,62
29.01.2006;32,62
30.01.2006;32,63
31.01.2006;32,63
01.02.2006;32,63
02.02.2006;32,62
03.02.2006;32,62
04.02.2006;32,61
05.02.2006;32,61
06.02.2006;32,61
07.02.2006;32,63
08.02.2006;32,65
09.02.2006;32,64
10.02.2006;32,64
11.02.2006;32,63
12.02.2006;32,63
13.02.2006;32,63
14.02.2006;32,63
15.02.2006;32,64
16.02.2006;32,63
17.02.2006;32,63
18.02.2006;32,63
19.02.2006;32,63
20.02.2006;32,63
21.02.2006;32,62
22.02.2006;32,61
23.02.2006;32,62
24.02.2006;32,61
25.02.2006;32,62
26.02.2006;32,62
27.02.2006;32,62
28.02.2006;32,62
01.03.2006;32,62
02.03.2006;32,63
03.03.2006;32,63
04.03.2006;32,62
05.03.2006;32,61
06.03.2006;32,61
07.03.2006;32,61
08.03.2006;32,62
09.03.2006;32,64
10.03.2006;32,64
11.03.2006;32,64
12.03.2006;32,63
13.03.2006;32,62
14.03.2006;32,61
15.03.2006;32,61
16.03.2006;32,62
17.03.2006;32,63
18.03.2006;32,63
19.03.2006;32,62
20.03.2006;32,62
21.03.2006;32,61
22.03.2006;32,62
23.03.2006;32,62
24.03.2006;32,63
25.03.2006;32,64
26.03.2006;32,64
27.03.2006;32,65
28.03.2006;32,64
29.03.2006;32,62
30.03.2006;32,63
31.03.2006;32,63
01.04.2006;32,62
02.04.2006;32,61
03.04.2006;32,61
04.04.2006;32,61
05.04.2006;32,62
06.04.2006;32,61
07.04.2006;32,60
08.04.2006;32,60
09.04.2006;32,59
10.04.2006;32,59
11.04.2006;32,60
12.04.2006;32,60
13.04.2006;32,60
14.04.2006;32,59
15.04.2006;32,59
16.04.2006;32,60
17.04.2006;32,59
18.04.2006;32,59
19.04.2006;32,58
20.04.2006;32,59
21.04.2006;32,59
22.04.2006;32,60
23.04.2006;32,59
24.04.2006;32,59
25.04.2006;32,60
26.04.2006;32,61
27.04.2006;32,62
28.04.2006;32,62
29.04.2006;32,62
30.04.2006;32,62
01.05.2006;32,62
02.05.2006;32,61
03.05.2006;32,61
04.05.2006;32,61
05.05.2006;32,61
06.05.2006;32,62
07.05.2006;32,62
08.05.2006;32,62
09.05.2006;32,62
10.05.2006;32,61
11.05.2006;32,61
12.05.2006;32,61
13.05.2006;32,62
14.05.2006;32,61
15.05.2006;32,62
16.05.2006;32,63
17.05.2006;32,62
18.05.2006;32,63
19.05.2006;32,63
20.05.2006;32,63
21.05.2006;32,62
22.05.2006;32,63
23.05.2006;32,62
24.05.2006;32,62
25.05.2006;32,63
26.05.2006;32,63
27.05.2006;32,64
28.05.2006;32,64
29.05.2006;32,64
30.05.2006;32,65
31.05.2006;32,63
01.06.2006;32,63
02.06.2006;32,62
03.06.2006;32,62
04.06.2006;32,62
05.06.2006;32,62
06.06.2006;32,62
07.06.2006;32,63
08.06.2006;32,63
09.06.2006;32,63
10.06.2006;32,63
11.06.2006;32,63
12.06.2006;32,63
13.06.2006;32,63
14.06.2006;32,63
15.06.2006;32,63
16.06.2006;32,62
17.06.2006;32,62
18.06.2006;32,62
19.06.2006;32,63
20.06.2006;32,62
21.06.2006;32,63
22.06.2006;32,63
23.06.2006;32,62
24.06.2006;32,61
25.06.2006;32,62
26.06.2006;32,61
27.06.2006;32,60
28.06.2006;32,59
29.06.2006;32,59
30.06.2006;32,59
01.07.2006;32,59
02.07.2006;32,59
03.07.2006;32,60
04.07.2006;32,60
05.07.2006;32,60
06.07.2006;32,59
07.07.2006;32,60
08.07.2006;32,61
09.07.2006;32,60
10.07.2006;32,59
11.07.2006;32,59
12.07.2006;32,59
13.07.2006;32,59
14.07.2006;32,58
15.07.2006;32,58
16.07.2006;32,58
17.07.2006;32,59
18.07.2006;32,59
19.07.2006;32,59
20.07.2006;32,59
21.07.2006;32,58
22.07.2006;32,58
23.07.2006;32,57
24.07.2006;32,57
25.07.2006;32,57
26.07.2006;32,57
27.07.2006;32,57
28.07.2006;32,57
29.07.2006;32,58
30.07.2006;32,58
31.07.2006;32,58
01.08.2006;32,59
02.08.2006;32,59
03.08.2006;32,59
04.08.2006;32,59
05.08.2006;32,59
06.08.2006;32,60
07.08.2006;32,61
08.08.2006;32,61
09.08.2006;32,61
10.08.2006;32,61
11.08.2006;32,61
12.08.2006;32,62
13.08.2006;32,61
14.08.2006;32,62
15.08.2006;32,63
16.08.2006;32,62
17.08.2006;32,62
18.08.2006;32,62
19.08.2006;32,62
20.08.2006;32,62
21.08.2006;32,62
22.08.2006;32,63
23.08.2006;32,62
24.08.2006;32,63
25.08.2006;32,63
26.08.2006;32,63
27.08.2006;32,63
28.08.2006;32,63
29.08.2006;32,62
30.08.2006;32,61
31.08.2006;32,60
01.09.2006;32,60
02.09.2006;32,62
03.09.2006;32,63
04.09.2006;32,62
05.09.2006;32,62
06.09.2006;32,63
07.09.2006;32,63
08.09.2006;32,62
09.09.2006;32,61
10.09.2006;32,61
11.09.2006;32,61
12.09.2006;32,61
13.09.2006;32,62
14.09.2006;32,62
15.09.2006;32,62
16.09.2006;32,62
17.09.2006;32,62
18.09.2006;32,62
19.09.2006;32,62
20.09.2006;32,61
21.09.2006;32,61
22.09.2006;32,62
23.09.2006;32,62
24.09.2006;32,63
25.09.2006;32,63
26.09.2006;32,62
27.09.2006;32,62
28.09.2006;32,63
29.09.2006;32,62
30.09.2006;32,63
01.10.2006;32,62
02.10.2006;32,63
03.10.2006;32,63
04.10.2006;32,62
05.10.2006;32,63
06.10.2006;32,63
07.10.2006;32,63
08.10.2006;32,62
09.10.2006;32,62
10.10.2006;32,61
11.10.2006;32,61
12.10.2006;32,60
13.10.2006;32,59
14.10.2006;32,60
15.10.2006;32,61
16.10.2006;32,63
17.10.2006;32,63
18.10.2006;32,63
19.10.2006;32,63
20.10.2006;32,63
21.10.2006;32,63
22.10.2006;32,62
23.10.2006;32,64
24.10.2006;32,63
25.10.2006;32,61
26.10.2006;32,62
27.10.2006;32,61
28.10.2006;32,60
29.10.2006;32,62
30.10.2006;32,62
31.10.2006;32,63
01.11.2006;32,61
02.11.2006;32,60
03.11.2006;32,60
04.11.2006;32,62
05.11.2006;32,62
06.11.2006;32,62
07.11.2006;32,62
08.11.2006;32,62
09.11.2006;32,60
10.11.2006;32,59
11.11.2006;32,62
12.11.2006;32,60
13.11.2006;32,60
14.11.2006;32,61
15.11.2006;32,61
16.11.2006;32,62
17.11.2006;32,61
18.11.2006;32,62
19.11.2006;32,61
20.11.2006;32,61
21.11.2006;32,63
22.11.2006;32,61
23.11.2006;32,62
24.11.2006;32,61
25.11.2006;32,62
26.11.2006;32,61
27.11.2006;32,62
28.11.2006;32,62
29.11.2006;32,61
30.11.2006;32,61
01.12.2006;32,62
02.12.2006;32,62
03.12.2006;32,62
04.12.2006;32,62
05.12.2006;32,63
06.12.2006;32,62
07.12.2006;32,61
08.12.2006;32,62
09.12.2006;32,61
10.12.2006;32,60
11.12.2006;32,61
12.12.2006;32,61
13.12.2006;32,61
14.12.2006;32,61
15.12.2006;32,62
16.12.2006;32,62
17.12.2006;32,61
18.12.2006;32,61
19.12.2006;32,61
20.12.2006;32,62
21.12.2006;32,61
22.12.2006;32,61
23.12.2006;32,61
24.12.2006;32,62
25.12.2006;32,62
26.12.2006;32,62
27.12.2006;32,62
28.12.2006;32,62
29.12.2006;32,61
30.12.2006;32,62
31.12.2006;32,61
01.01.2007;32,63
02.01.2007;32,63
03.01.2007;32,61
04.01.2007;32,63
05.01.2007;32,61
06.01.2007;32,62
07.01.2007;32,62
08.01.2007;32,63
09.01.2007;32,61
10.01.2007;32,60
11.01.2007;32,60
12.01.2007;32,59
13.01.2007;32,60
14.01.2007;32,61
15.01.2007;32,61
16.01.2007;32,61
17.01.2007;32,61
18.01.2007;32,63
19.01.2007;32,62
20.01.2007;32,63
21.01.2007;32,62
22.01.2007;32,61
23.01.2007;32,61
24.01.2007;32,63
25.01.2007;32,60
26.01.2007;32,61
27.01.2007;32,60
28.01.2007;32,61
29.01.2007;32,58
30.01.2007;32,60
31.01.2007;32,61
01.02.2007;32,59
02.02.2007;32,61
03.02.2007;32,60
04.02.2007;32,61
05.02.2007;32,63
06.02.2007;32,62
07.02.2007;32,61
08.02.2007;32,61
09.02.2007;32,60
10.02.2007;32,60
11.02.2007;32,62
12.02.2007;32,62
13.02.2007;32,62
14.02.2007;32,60
15.02.2007;32,60
16.02.2007;32,59
17.02.2007;32,61
18.02.2007;32,62
19.02.2007;32,62
20.02.2007;32,62
21.02.2007;32,62
22.02.2007;32,62
23.02.2007;32,61
24.02.2007;32,61
25.02.2007;32,61
26.02.2007;32,62
27.02.2007;32,61
28.02.2007;32,63
01.03.2007;32,63
02.03.2007;32,61
03.03.2007;32,62
04.03.2007;32,60
05.03.2007;32,61
06.03.2007;32,60
07.03.2007;32,61
08.03.2007;32,60
09.03.2007;32,60
10.03.2007;32,60
11.03.2007;32,61
12.03.2007;32,62
13.03.2007;32,61
14.03.2007;32,60
15.03.2007;32,59
16.03.2007;32,60
17.03.2007;32,61
18.03.2007;32,63
19.03.2007;32,62
20.03.2007;32,61
21.03.2007;32,61
22.03.2007;32,61
23.03.2007;32,62
24.03.2007;32,62
25.03.2007;32,61
26.03.2007;32,61
27.03.2007;32,61
28.03.2007;32,61
29.03.2007;32,63
30.03.2007;32,62
31.03.2007;32,61
01.04.2007;32,59
02.04.2007;32,60
03.04.2007;32,61
04.04.2007;32,60
05.04.2007;32,61
06.04.2007;32,60
07.04.2007;32,60
08.04.2007;32,61
09.04.2007;32,62
10.04.2007;32,61
11.04.2007;32,61
12.04.2007;32,61
13.04.2007;32,62
14.04.2007;32,61
15.04.2007;32,61
16.04.2007;32,61
17.04.2007;32,62
18.04.2007;32,61
19.04.2007;32,62
20.04.2007;32,61
21.04.2007;32,61
22.04.2007;32,62
23.04.2007;32,63
24.04.2007;32,62
25.04.2007;32,63
26.04.2007;32,63
27.04.2007;32,62
28.04.2007;32,62
29.04.2007;32,61
30.04.2007;32,62
01.05.2007;32,61
02.05.2007;32,61
03.05.2007;32,61
04.05.2007;32,62
05.05.2007;32,61
06.05.2007;32,61
07.05.2007;32,61
08.05.2007;32,62
09.05.2007;32,62
10.05.2007;32,62
11.05.2007;32,63
12.05.2007;32,63
13.05.2007;32,63
14.05.2007;32,62
15.05.2007;32,61
16.05.2007;32,62
17.05.2007;32,62
18.05.2007;32,61
19.05.2007;32,62
20.05.2007;32,61
21.05.2007;32,62
22.05.2007;32,61
23.05.2007;32,61
24.05.2007;32,62
25.05.2007;32,62
26.05.2007;32,62
27.05.2007;32,63
28.05.2007;32,63
29.05.2007;32,64
30.05.2007;32,64
31.05.2007;32,64
01.06.2007;32,64
02.06.2007;32,63
03.06.2007;32,64
04.06.2007;32,64
05.06.2007;32,64
06.06.2007;32,64
07.06.2007;32,63
08.06.2007;32,63
09.06.2007;32,63
10.06.2007;32,63
11.06.2007;32,63
12.06.2007;32,64
13.06.2007;32,63
14.06.2007;32,63
15.06.2007;32,64
16.06.2007;32,65
17.06.2007;32,65
18.06.2007;32,63
19.06.2007;32,62
20.06.2007;32,63
21.06.2007;32,64
22.06.2007;32,65
23.06.2007;32,65
24.06.2007;32,64
25.06.2007;32,64
26.06.2007;32,65
27.06.2007;32,63
28.06.2007;32,64
29.06.2007;32,65
30.06.2007;32,66
01.07.2007;32,66
02.07.2007;32,65
03.07.2007;32,65
04.07.2007;32,65
05.07.2007;32,66
06.07.2007;32,66
07.07.2007;32,65
08.07.2007;32,65
09.07.2007;32,64
10.07.2007;32,65
11.07.2007;32,65
12.07.2007;32,66
13.07.2007;32,66
14.07.2007;32,66
15.07.2007;32,66
16.07.2007;32,66
17.07.2007;32,65
18.07.2007;32,65
19.07.2007;32,64
20.07.2007;32,65
21.07.2007;32,65
22.07.2007;32,66
23.07.2007;32,67
24.07.2007;32,66
25.07.2007;32,64
26.07.2007;32,65
27.07.2007;32,65
28.07.2007;32,65
29.07.2007;32,66
30.07.2007;32,66
31.07.2007;32,66
01.08.2007;32,66
02.08.2007;32,67
03.08.2007;32,65
04.08.2007;32,65
05.08.2007;32,66
06.08.2007;32,67
07.08.2007;32,66
08.08.2007;32,66
09.08.2007;32,65
10.08.2007;32,65
11.08.2007;32,65
12.08.2007;32,65
13.08.2007;32,66
14.08.2007;32,66
15.08.2007;32,66
16.08.2007;32,65
17.08.2007;32,65
18.08.2007;32,64
19.08.2007;32,65
20.08.2007;32,65
21.08.2007;32,67
22.08.2007;32,66
23.08.2007;32,66
24.08.2007;32,67
25.08.2007;32,66
26.08.2007;32,65
27.08.2007;32,65
28.08.2007;32,65
29.08.2007;32,66
30.08.2007;32,66
31.08.2007;32,65
01.09.2007;32,65
02.09.2007;32,65
03.09.2007;32,66
04.09.2007;32,65
05.09.2007;32,65
06.09.2007;32,66
07.09.2007;32,65
08.09.2007;32,65
09.09.2007;32,65
10.09.2007;32,65
11.09.2007;32,65
12.09.2007;32,66
13.09.2007;32,65
14.09.2007;32,67
15.09.2007;32,65
16.09.2007;32,65
17.09.2007;32,65
18.09.2007;32,65
19.09.2007;32,65
20.09.2007;32,66
21.09.2007;32,66
22.09.2007;32,65
23.09.2007;32,64
24.09.2007;32,64
25.09.2007;32,65
26.09.2007;32,65
27.09.2007;32,65
28.09.2007;32,67
29.09.2007;32,67
30.09.2007;32,66
01.10.2007;32,66
02.10.2007;32,66
03.10.2007;32,67
04.10.2007;32,67
05.10.2007;32,67
06.10.2007;32,67
07.10.2007;32,66
08.10.2007;32,66
09.10.2007;32,66
10.10.2007;32,66
11.10.2007;32,66
12.10.2007;32,67
13.10.2007;32,66
14.10.2007;32,67
15.10.2007;32,68
16.10.2007;32,67
17.10.2007;32,67
18.10.2007;32,66
19.10.2007;32,66
20.10.2007;32,66
21.10.2007;32,66
22.10.2007;32,66
23.10.2007;32,66
24.10.2007;32,67
25.10.2007;32,68
26.10.2007;32,68
27.10.2007;32,68
28.10.2007;32,68
29.10.2007;32,68
30.10.2007;32,68
31.10.2007;32,67
01.11.2007;32,67
02.11.2007;32,67
03.11.2007;32,68
04.11.2007;32,66
05.11.2007;32,66
06.11.2007;32,67
07.11.2007;32,68
08.11.2007;32,66
09.11.2007;32,68
10.11.2007;32,67
11.11.2007;32,68
12.11.2007;32,68
13.11.2007;32,66
14.11.2007;32,66
15.11.2007;32,64
16.11.2007;32,64
17.11.2007;32,65
18.11.2007;32,66
19.11.2007;32,67
20.11.2007;32,67
21.11.2007;32,67
22.11.2007;32,67
23.11.2007;32,66
24.11.2007;32,66
25.11.2007;32,68
26.11.2007;32,66
27.11.2007;32,66
28.11.2007;32,66
29.11.2007;32,68
30.11.2007;32,68
01.12.2007;32,69
02.12.2007;32,69
03.12.2007;32,70
04.12.2007;32,67
05.12.2007;32,68
06.12.2007;32,67
07.12.2007;32,69
08.12.2007;32,67
09.12.2007;32,69
10.12.2007;32,67
11.12.2007;32,65
12.12.2007;32,64
13.12.2007;32,65
14.12.2007;32,66
15.12.2007;32,66
16.12.2007;32,66
17.12.2007;32,65
18.12.2007;32,65
19.12.2007;32,64
20.12.2007;32,65
21.12.2007;32,65
22.12.2007;32,66
23.12.2007;32,66
24.12.2007;32,66
25.12.2007;32,66
26.12.2007;32,67
27.12.2007;32,67
28.12.2007;32,68
29.12.2007;32,69
30.12.2007;32,68
31.12.2007;32,67
01.01.2008;32,67
02.01.2008;32,68
03.01.2008;32,69
04.01.2008;32,69
05.01.2008;32,69
06.01.2008;32,69
07.01.2008;32,69
08.01.2008;32,67
09.01.2008;32,67
10.01.2008;32,66
11.01.2008;32,66
12.01.2008;32,66
13.01.2008;32,65
14.01.2008;32,67
15.01.2008;32,67
16.01.2008;32,67
17.01.2008;32,67
18.01.2008;32,66
19.01.2008;32,66
20.01.2008;32,67
21.01.2008;32,68
22.01.2008;32,67
23.01.2008;32,67
24.01.2008;32,66
25.01.2008;32,63
26.01.2008;32,64
27.01.2008;32,65
28.01.2008;32,65
29.01.2008;32,66
30.01.2008;32,65
31.01.2008;32,63
01.02.2008;32,65
02.02.2008;32,64
03.02.2008;32,65
04.02.2008;32,67
05.02.2008;32,66
06.02.2008;32,67
07.02.2008;32,63
08.02.2008;32,64
09.02.2008;32,64
10.02.2008;32,65
11.02.2008;32,64
12.02.2008;32,65
13.02.2008;32,64
14.02.2008;32,64
15.02.2008;32,64
16.02.2008;32,63
17.02.2008;32,64
18.02.2008;32,64
19.02.2008;32,64
20.02.2008;32,65
21.02.2008;32,65
22.02.2008;32,65
23.02.2008;32,63
24.02.2008;32,65
25.02.2008;32,66
26.02.2008;32,67
27.02.2008;32,65
28.02.2008;32,64
29.02.2008;32,65
01.03.2008;32,68
02.03.2008;32,65
03.03.2008;32,65
04.03.2008;32,64
05.03.2008;32,63
06.03.2008;32,64
07.03.2008;32,64
08.03.2008;32,64
09.03.2008;32,65
10.03.2008;32,65
11.03.2008;32,65
12.03.2008;32,65
13.03.2008;32,63
14.03.2008;32,65
15.03.2008;32,65
16.03.2008;32,66
17.03.2008;32,65
18.03.2008;32,65
19.03.2008;32,65
20.03.2008;32,64
21.03.2008;32,67
22.03.2008;32,66
23.03.2008;32,65
24.03.2008;32,67
25.03.2008;32,66
26.03.2008;32,65
27.03.2008;32,64
28.03.2008;32,64
29.03.2008;32,65
30.03.2008;32,66
31.03.2008;32,66
01.04.2008;32,66
02.04.2008;32,66
03.04.2008;32,65
04.04.2008;32,65
05.04.2008;32,66
06.04.2008;32,66
07.04.2008;32,65
08.04.2008;32,65
09.04.2008;32,66
10.04.2008;32,67
11.04.2008;32,67
12.04.2008;32,67
13.04.2008;32,67
14.04.2008;32,68
15.04.2008;32,65
16.04.2008;32,65
17.04.2008;32,64
18.04.2008;32,64
19.04.2008;32,64
20.04.2008;32,63
21.04.2008;32,63
22.04.2008;32,63
23.04.2008;32,63
24.04.2008;32,63
25.04.2008;32,64
26.04.2008;32,64
27.04.2008;32,64
28.04.2008;32,65
29.04.2008;32,65
30.04.2008;32,66
01.05.2008;32,67
02.05.2008;32,67
03.05.2008;32,67
04.05.2008;32,68
05.05.2008;32,68
06.05.2008;32,69
07.05.2008;32,69
08.05.2008;32,69
09.05.2008;32,69
10.05.2008;32,69
11.05.2008;32,69
12.05.2008;32,69
13.05.2008;32,69
14.05.2008;32,70
15.05.2008;32,70
16.05.2008;32,70
17.05.2008;32,70
18.05.2008;32,69
19.05.2008;32,69
20.05.2008;32,69
21.05.2008;32,70
22.05.2008;32,70
23.05.2008;32,70
24.05.2008;32,70
25.05.2008;32,69
26.05.2008;32,72
27.05.2008;32,70
28.05.2008;32,70
29.05.2008;32,70
30.05.2008;32,70
31.05.2008;32,70
01.06.2008;32,69
02.06.2008;32,69
03.06.2008;32,69
04.06.2008;32,69
05.06.2008;32,69
06.06.2008;32,68
07.06.2008;32,69
08.06.2008;32,68
09.06.2008;32,68
10.06.2008;32,69
11.06.2008;32,68
12.06.2008;32,69
13.06.2008;32,69
14.06.2008;32,69
15.06.2008;32,69
16.06.2008;32,69
17.06.2008;32,69
18.06.2008;32,69
19.06.2008;32,70
20.06.2008;32,70
21.06.2008;32,70
22.06.2008;32,70
23.06.2008;32,69
24.06.2008;32,69
25.06.2008;32,69
26.06.2008;32,68
27.06.2008;32,69
28.06.2008;32,69
29.06.2008;32,70
30.06.2008;32,70
01.07.2008;32,70
02.07.2008;32,71
03.07.2008;32,71
04.07.2008;32,69
05.07.2008;32,70
06.07.2008;32,70
07.07.2008;32,71
08.07.2008;32,71
09.07.2008;32,70
10.07.2008;32,70
11.07.2008;32,70
12.07.2008;32,69
13.07.2008;32,69
14.07.2008;32,68
15.07.2008;32,68
16.07.2008;32,69
17.07.2008;32,70
18.07.2008;32,70
19.07.2008;32,70
20.07.2008;32,70
21.07.2008;32,70
22.07.2008;32,69
23.07.2008;32,69
24.07.2008;32,69
25.07.2008;32,69
26.07.2008;32,69
27.07.2008;32,68
28.07.2008;32,67
29.07.2008;32,67
30.07.2008;32,68
31.07.2008;32,68
01.08.2008;32,69
02.08.2008;32,69
03.08.2008;32,70
04.08.2008;32,70
05.08.2008;32,69
06.08.2008;32,68
07.08.2008;32,69
08.08.2008;32,69
09.08.2008;32,68
10.08.2008;32,68
11.08.2008;32,68
12.08.2008;32,68
13.08.2008;32,67
14.08.2008;32,66
15.08.2008;32,66
16.08.2008;32,67
17.08.2008;32,69
18.08.2008;32,69
19.08.2008;32,69
20.08.2008;32,68
21.08.2008;32,68
22.08.2008;32,68
23.08.2008;32,68
24.08.2008;32,69
25.08.2008;32,69
26.08.2008;32,68
27.08.2008;32,68
28.08.2008;32,67
29.08.2008;32,67
30.08.2008;32,67
31.08.2008;32,69
01.09.2008;32,70
02.09.2008;32,71
03.09.2008;32,70
04.09.2008;32,70
05.09.2008;32,69
06.09.2008;32,70
07.09.2008;32,70
08.09.2008;32,71
09.09.2008;32,70
10.09.2008;32,70
11.09.2008;32,69
12.09.2008;32,69
13.09.2008;32,69
14.09.2008;32,69
15.09.2008;32,69
16.09.2008;32,69
17.09.2008;32,69
18.09.2008;32,69
19.09.2008;32,68
20.09.2008;32,68
21.09.2008;32,68
22.09.2008;32,68
23.09.2008;32,68
24.09.2008;32,69
25.09.2008;32,68
26.09.2008;32,68
27.09.2008;32,68
28.09.2008;32,68
29.09.2008;32,68
30.09.2008;32,69
01.10.2008;32,69
02.10.2008;32,69
03.10.2008;32,68
04.10.2008;32,67
05.10.2008;32,68
06.10.2008;32,68
07.10.2008;32,68
08.10.2008;32,69
09.10.2008;32,68
10.10.2008;32,68
11.10.2008;32,69
12.10.2008;32,69
13.10.2008;32,69
14.10.2008;32,70
15.10.2008;32,69
16.10.2008;32,69
17.10.2008;32,68
18.10.2008;32,68
19.10.2008;32,68
20.10.2008;32,68
21.10.2008;32,69
22.10.2008;32,67
23.10.2008;32,67
24.10.2008;32,68
25.10.2008;32,67
26.10.2008;32,68
27.10.2008;32,69
28.10.2008;32,69
29.10.2008;32,69
30.10.2008;32,72
31.10.2008;32,71
01.11.2008;32,70
02.11.2008;32,68
03.11.2008;32,68
04.11.2008;32,67
05.11.2008;32,68
06.11.2008;32,68
07.11.2008;32,69
08.11.2008;32,69
09.11.2008;32,69
10.11.2008;32,68
11.11.2008;32,68
12.11.2008;32,67
13.11.2008;32,67
14.11.2008;32,68
15.11.2008;32,68
16.11.2008;32,68
17.11.2008;32,67
18.11.2008;32,70
19.11.2008;32,68
20.11.2008;32,69
21.11.2008;32,70
22.11.2008;32,69
23.11.2008;32,67
24.11.2008;32,69
25.11.2008;32,68
26.11.2008;32,68
27.11.2008;32,69
28.11.2008;32,69
29.11.2008;32,69
30.11.2008;32,69
01.12.2008;32,68
02.12.2008;32,67
03.12.2008;32,68
04.12.2008;32,68
05.12.2008;32,69
06.12.2008;32,67
07.12.2008;32,66
08.12.2008;32,67
09.12.2008;32,68
10.12.2008;32,67
11.12.2008;32,67
12.12.2008;32,67
13.12.2008;32,67
14.12.2008;32,67
15.12.2008;32,67
16.12.2008;32,66
17.12.2008;32,67
18.12.2008;32,66
19.12.2008;32,68
20.12.2008;32,68
21.12.2008;32,66
22.12.2008;32,68
23.12.2008;32,66
24.12.2008;32,67
25.12.2008;32,66
26.12.2008;32,65
27.12.2008;32,66
28.12.2008;32,67
29.12.2008;32,68
30.12.2008;32,68
31.12.2008;32,68
01.01.2009;32,67
02.01.2009;32,66
03.01.2009;32,67
04.01.2009;32,67
05.01.2009;32,67
06.01.2009;32,68
07.01.2009;32,69
08.01.2009;32,67
09.01.2009;32,67
10.01.2009;32,67
11.01.2009;32,68
12.01.2009;32,69
13.01.2009;32,69
14.01.2009;32,69
15.01.2009;32,68
16.01.2009;32,67
17.01.2009;32,69
18.01.2009;32,70
19.01.2009;32,70
20.01.2009;32,70
21.01.2009;32,69
22.01.2009;32,68
23.01.2009;32,70
24.01.2009;32,68
25.01.2009;32,68
26.01.2009;32,68
27.01.2009;32,67
28.01.2009;32,67
29.01.2009;32,67
30.01.2009;32,66
31.01.2009;32,67
01.02.2009;32,68
02.02.2009;32,69
03.02.2009;32,70
04.02.2009;32,70
05.02.2009;32,68
06.02.2009;32,68
07.02.2009;32,68
08.02.2009;32,67
09.02.2009;32,68
10.02.2009;32,70
11.02.2009;32,67
12.02.2009;32,68
13.02.2009;32,67
14.02.2009;32,66
15.02.2009;32,66
16.02.2009;32,66
17.02.2009;32,66
18.02.2009;32,67
19.02.2009;32,67
20.02.2009;32,68
21.02.2009;32,67
22.02.2009;32,69
23.02.2009;32,69
24.02.2009;32,68
25.02.2009;32,67
26.02.2009;32,67
27.02.2009;32,67
28.02.2009;32,67
01.03.2009;32,68
02.03.2009;32,68
03.03.2009;32,68
04.03.2009;32,68
05.03.2009;32,67
06.03.2009;32,65
07.03.2009;32,64
08.03.2009;32,65
09.03.2009;32,65
10.03.2009;32,66
11.03.2009;32,65
12.03.2009;32,65
13.03.2009;32,65
14.03.2009;32,65
15.03.2009;32,65
16.03.2009;32,64
17.03.2009;32,65
18.03.2009;32,64
19.03.2009;32,65
20.03.2009;32,64
21.03.2009;32,65
22.03.2009;32,65
23.03.2009;32,65
24.03.2009;32,65
25.03.2009;32,66
26.03.2009;32,65
27.03.2009;32,65
28.03.2009;32,65
29.03.2009;32,65
30.03.2009;32,64
31.03.2009;32,64
01.04.2009;32,65
02.04.2009;32,65
03.04.2009;32,65
04.04.2009;32,65
05.04.2009;32,65
06.04.2009;32,65
07.04.2009;32,66
08.04.2009;32,66
09.04.2009;32,65
10.04.2009;32,65
11.04.2009;32,65
12.04.2009;32,66
13.04.2009;32,66
14.04.2009;32,66
15.04.2009;32,66
16.04.2009;32,66
17.04.2009;32,66
18.04.2009;32,64
19.04.2009;32,64
20.04.2009;32,64
21.04.2009;32,65
22.04.2009;32,66
23.04.2009;32,65
24.04.2009;32,65
25.04.2009;32,66
26.04.2009;32,66
27.04.2009;32,67
28.04.2009;32,67
29.04.2009;32,66
30.04.2009;32,65
01.05.2009;32,65
02.05.2009;32,65
03.05.2009;32,65
04.05.2009;32,65
05.05.2009;32,65
06.05.2009;32,67
07.05.2009;32,67
08.05.2009;32,68
09.05.2009;32,67
10.05.2009;32,67
11.05.2009;32,67
12.05.2009;32,66
13.05.2009;32,66
14.05.2009;32,67
15.05.2009;32,67
16.05.2009;32,66
17.05.2009;32,66
18.05.2009;32,66
19.05.2009;32,66
20.05.2009;32,66
21.05.2009;32,66
22.05.2009;32,66
23.05.2009;32,65
24.05.2009;32,66
25.05.2009;32,66
26.05.2009;32,67
27.05.2009;32,66
28.05.2009;32,67
29.05.2009;32,65
30.05.2009;32,65
31.05.2009;32,66
01.06.2009;32,67
02.06.2009;32,68
03.06.2009;32,67
04.06.2009;32,67
05.06.2009;32,68
06.06.2009;32,69
07.06.2009;32,69
08.06.2009;32,68
09.06.2009;32,68
10.06.2009;32,67
11.06.2009;32,67
12.06.2009;32,66
13.06.2009;32,65
14.06.2009;32,65
15.06.2009;32,65
16.06.2009;32,66
17.06.2009;32,66
18.06.2009;32,68
19.06.2009;32,66
20.06.2009;32,66
21.06.2009;32,66
22.06.2009;32,67
23.06.2009;32,67
24.06.2009;32,67
25.06.2009;32,66
26.06.2009;32,66
27.06.2009;32,65
28.06.2009;32,66
29.06.2009;32,67
30.06.2009;32,67
01.07.2009;32,68
02.07.2009;32,68
03.07.2009;32,67
04.07.2009;32,67
05.07.2009;32,66
06.07.2009;32,67
07.07.2009;32,66
08.07.2009;32,66
09.07.2009;32,65
10.07.2009;32,65
11.07.2009;32,65
12.07.2009;32,66
13.07.2009;32,65
14.07.2009;32,65
15.07.2009;32,65
16.07.2009;32,65
17.07.2009;32,66
18.07.2009;32,67
19.07.2009;32,66
20.07.2009;32,66
21.07.2009;32,66
22.07.2009;32,66
23.07.2009;32,66
24.07.2009;32,65
25.07.2009;32,66
26.07.2009;32,67
27.07.2009;32,68
28.07.2009;32,65
29.07.2009;32,66
30.07.2009;32,66
31.07.2009;32,64
01.08.2009;32,65
02.08.2009;32,65
03.08.2009;32,65
04.08.2009;32,65
05.08.2009;32,65
06.08.2009;32,65
07.08.2009;32,66
08.08.2009;32,66
09.08.2009;32,65
10.08.2009;32,65
11.08.2009;32,64
12.08.2009;32,65
13.08.2009;32,64
14.08.2009;32,64
15.08.2009;32,65
16.08.2009;32,65
17.08.2009;32,65
18.08.2009;32,65
19.08.2009;32,65
20.08.2009;32,66
21.08.2009;32,65
22.08.2009;32,66
23.08.2009;32,65
24.08.2009;32,66
25.08.2009;32,66
26.08.2009;32,66
27.08.2009;32,67
28.08.2009;32,67
29.08.2009;32,66
30.08.2009;32,66
31.08.2009;32,65
01.09.2009;32,66
02.09.2009;32,65
03.09.2009;32,67
04.09.2009;32,67
05.09.2009;32,66
06.09.2009;32,65
07.09.2009;32,65
08.09.2009;32,65
09.09.2009;32,65
10.09.2009;32,65
11.09.2009;32,65
12.09.2009;32,65
13.09.2009;32,66
14.09.2009;32,66
15.09.2009;32,67
16.09.2009;32,67
17.09.2009;32,65
18.09.2009;32,65
19.09.2009;32,65
20.09.2009;32,65
21.09.2009;32,65
22.09.2009;32,65
23.09.2009;32,65
24.09.2009;32,65
25.09.2009;32,64
26.09.2009;32,64
27.09.2009;32,65
28.09.2009;32,65
29.09.2009;32,65
30.09.2009;32,65
01.10.2009;32,66
02.10.2009;32,65
03.10.2009;32,65
04.10.2009;32,65
05.10.2009;32,63
06.10.2009;32,64
07.10.2009;32,64
08.10.2009;32,65
09.10.2009;32,65
10.10.2009;32,65
11.10.2009;32,64
12.10.2009;32,64
13.10.2009;32,65
14.10.2009;32,65
15.10.2009;32,65
16.10.2009;32,66
17.10.2009;32,65
18.10.2009;32,64
19.10.2009;32,64
20.10.2009;32,64
21.10.2009;32,65
22.10.2009;32,65
23.10.2009;32,65
24.10.2009;32,64
25.10.2009;32,65
26.10.2009;32,65
27.10.2009;32,65
28.10.2009;32,65
29.10.2009;32,66
30.10.2009;32,65
31.10.2009;32,65
01.11.2009;32,65
02.11.2009;32,66
03.11.2009;32,67
04.11.2009;32,68
05.11.2009;32,67
06.11.2009;32,65
07.11.2009;32,65
08.11.2009;32,65
09.11.2009;32,65
10.11.2009;32,65
11.11.2009;32,66
12.11.2009;32,66
13.11.2009;32,65
14.11.2009;32,64
15.11.2009;32,63
16.11.2009;32,63
17.11.2009;32,64
18.11.2009;32,64
19.11.2009;32,65
20.11.2009;32,65
21.11.2009;32,64
22.11.2009;32,66
23.11.2009;32,65
24.11.2009;32,63
25.11.2009;32,64
26.11.2009;32,64
27.11.2009;32,65
28.11.2009;32,64
29.11.2009;32,65
30.11.2009;32,66
01.12.2009;32,65
02.12.2009;32,65
03.12.2009;32,65
04.12.2009;32,64
05.12.2009;32,64
06.12.2009;32,65
07.12.2009;32,65
08.12.2009;32,65
09.12.2009;32,64
10.12.2009;32,65
11.12.2009;32,64
12.12.2009;32,64
13.12.2009;32,65
14.12.2009;32,64
15.12.2009;32,64
16.12.2009;32,65
17.12.2009;32,66
18.12.2009;32,66
19.12.2009;32,66
20.12.2009;32,66
21.12.2009;32,64
22.12.2009;32,65
23.12.2009;32,65
24.12.2009;32,66
25.12.2009;32,68
26.12.2009;32,65
27.12.2009;32,66
28.12.2009;32,65
29.12.2009;32,65
30.12.2009;32,66
31.12.2009;32,67
01.01.2010;32,67
02.01.2010;32,65
03.01.2010;32,65
04.01.2010;32,65
05.01.2010;32,66
06.01.2010;32,66
07.01.2010;32,65
08.01.2010;32,65
09.01.2010;32,66
10.01.2010;32,66
11.01.2010;32,66
12.01.2010;32,65
13.01.2010;32,66
14.01.2010;32,66
15.01.2010;32,66
16.01.2010;32,66
17.01.2010;32,67
18.01.2010;32,66
19.01.2010;32,66
20.01.2010;32,66
21.01.2010;32,65
22.01.2010;32,65
23.01.2010;32,65
24.01.2010;32,65
25.01.2010;32,64
26.01.2010;32,62
27.01.2010;32,64
28.01.2010;32,65
29.01.2010;32,65
30.01.2010;32,65
31.01.2010;32,64
01.02.2010;32,63
02.02.2010;32,63
03.02.2010;32,64
04.02.2010;32,63
05.02.2010;32,63
06.02.2010;32,64
07.02.2010;32,64
08.02.2010;32,66
09.02.2010;32,67
10.02.2010;32,66
11.02.2010;32,66
12.02.2010;32,65
13.02.2010;32,65
14.02.2010;32,65
15.02.2010;32,66
16.02.2010;32,66
17.02.2010;32,66
18.02.2010;32,67
19.02.2010;32,67
20.02.2010;32,69
21.02.2010;32,69
22.02.2010;32,64
23.02.2010;32,66
24.02.2010;32,66
25.02.2010;32,66
26.02.2010;32,67
27.02.2010;32,66
28.02.2010;32,68
01.03.2010;32,66
02.03.2010;32,66
03.03.2010;32,65
04.03.2010;32,65
05.03.2010;32,63
06.03.2010;32,63
07.03.2010;32,62
08.03.2010;32,63
09.03.2010;32,63
10.03.2010;32,62
11.03.2010;32,64
12.03.2010;32,64
13.03.2010;32,64
14.03.2010;32,65
15.03.2010;32,65
16.03.2010;32,65
17.03.2010;32,64
18.03.2010;32,64
19.03.2010;32,65
20.03.2010;32,66
21.03.2010;32,67
22.03.2010;32,66
23.03.2010;32,66
24.03.2010;32,65
25.03.2010;32,66
26.03.2010;32,67
27.03.2010;32,67
28.03.2010;32,67
29.03.2010;32,68
30.03.2010;32,68
31.03.2010;32,66
01.04.2010;32,65
02.04.2010;32,65
03.04.2010;32,66
04.04.2010;32,66
05.04.2010;32,64
06.04.2010;32,64
07.04.2010;32,65
08.04.2010;32,66
09.04.2010;32,65
10.04.2010;32,65
11.04.2010;32,65
12.04.2010;32,66
13.04.2010;32,67
14.04.2010;32,67
15.04.2010;32,68
16.04.2010;32,68
17.04.2010;32,67
18.04.2010;32,67
19.04.2010;32,67
20.04.2010;32,68
21.04.2010;32,68
22.04.2010;32,68
23.04.2010;32,69
24.04.2010;32,69
25.04.2010;32,69
26.04.2010;32,70
27.04.2010;32,69
28.04.2010;32,70
29.04.2010;32,71
30.04.2010;32,70
01.05.2010;32,69
02.05.2010;32,69
03.05.2010;32,70
04.05.2010;32,70
05.05.2010;32,69
06.05.2010;32,70
07.05.2010;32,69
08.05.2010;32,68
09.05.2010;32,68
10.05.2010;32,68
11.05.2010;32,68
12.05.2010;32,69
13.05.2010;32,68
14.05.2010;32,67
15.05.2010;32,68
16.05.2010;32,69
17.05.2010;32,68
18.05.2010;32,67
19.05.2010;32,68
20.05.2010;32,68
21.05.2010;32,68
22.05.2010;32,69
23.05.2010;32,69
24.05.2010;32,69
25.05.2010;32,68
26.05.2010;32,68
27.05.2010;32,68
28.05.2010;32,67
29.05.2010;32,67
30.05.2010;32,67
31.05.2010;32,67
01.06.2010;32,68
02.06.2010;32,68
03.06.2010;32,67
04.06.2010;32,67
05.06.2010;32,67
06.06.2010;32,67
07.06.2010;32,67
08.06.2010;32,67
09.06.2010;32,67
10.06.2010;32,67
11.06.2010;32,67
12.06.2010;32,66
13.06.2010;32,66
14.06.2010;32,67
15.06.2010;32,68
16.06.2010;32,68
17.06.2010;32,67
18.06.2010;32,67
19.06.2010;32,66
20.06.2010;32,66
21.06.2010;32,66
22.06.2010;32,67
23.06.2010;32,67
24.06.2010;32,67
25.06.2010;32,66
26.06.2010;32,67
27.06.2010;32,67
28.06.2010;32,67
29.06.2010;32,67
30.06.2010;32,67
01.07.2010;32,67
02.07.2010;32,67
03.07.2010;32,67
04.07.2010;32,67
05.07.2010;32,67
06.07.2010;32,67
07.07.2010;32,67
08.07.2010;32,67
09.07.2010;32,67
10.07.2010;32,67
11.07.2010;32,67
12.07.2010;32,66
13.07.2010;32,66
14.07.2010;32,65
15.07.2010;32,65
16.07.2010;32,65
17.07.2010;32,65
18.07.2010;32,67
19.07.2010;32,67
20.07.2010;32,66
21.07.2010;32,66
22.07.2010;32,65
23.07.2010;32,67
24.07.2010;32,67
25.07.2010;32,65
26.07.2010;32,66
27.07.2010;32,67
28.07.2010;32,67
29.07.2010;32,67
30.07.2010;32,66
31.07.2010;32,66
01.08.2010;32,67
02.08.2010;32,67
03.08.2010;32,67
04.08.2010;32,67
05.08.2010;32,67
06.08.2010;32,66
07.08.2010;32,66
08.08.2010;32,67
09.08.2010;32,67
10.08.2010;32,67
11.08.2010;32,66
12.08.2010;32,65
13.08.2010;32,64
14.08.2010;32,65
15.08.2010;32,66
16.08.2010;32,66
17.08.2010;32,66
18.08.2010;32,66
19.08.2010;32,63
20.08.2010;32,63
21.08.2010;32,63
22.08.2010;32,63
23.08.2010;32,64
24.08.2010;32,64
25.08.2010;32,62
26.08.2010;32,63
27.08.2010;32,65
28.08.2010;32,63
29.08.2010;32,64
30.08.2010;32,66
31.08.2010;32,64
01.09.2010;32,63
02.09.2010;32,62
03.09.2010;32,63
04.09.2010;32,64
05.09.2010;32,64
06.09.2010;32,64
07.09.2010;32,63
08.09.2010;32,63
09.09.2010;32,63
10.09.2010;32,63
11.09.2010;32,64
12.09.2010;32,65
13.09.2010;32,65
14.09.2010;32,65
15.09.2010;32,66
16.09.2010;32,65
17.09.2010;32,64
18.09.2010;32,64
19.09.2010;32,63
20.09.2010;32,64
21.09.2010;32,64
22.09.2010;32,64
23.09.2010;32,65
24.09.2010;32,65
25.09.2010;32,64
26.09.2010;32,66
27.09.2010;32,68
28.09.2010;32,67
29.09.2010;32,67
30.09.2010;32,67
01.10.2010;32,66
02.10.2010;32,65
03.10.2010;32,65
04.10.2010;32,65
05.10.2010;32,65
06.10.2010;32,63
07.10.2010;32,63
08.10.2010;32,63
09.10.2010;32,63
10.10.2010;32,64
11.10.2010;32,64
12.10.2010;32,64
13.10.2010;32,64
14.10.2010;32,65
15.10.2010;32,64
16.10.2010;32,65
17.10.2010;32,66
18.10.2010;32,67
19.10.2010;32,67
20.10.2010;32,65
21.10.2010;32,64
22.10.2010;32,65
23.10.2010;32,65
24.10.2010;32,65
25.10.2010;32,63
26.10.2010;32,62
27.10.2010;32,64
28.10.2010;32,64
29.10.2010;32,64
30.10.2010;32,65
31.10.2010;32,65
01.11.2010;32,66
02.11.2010;32,64
03.11.2010;32,63
04.11.2010;32,64
05.11.2010;32,64
06.11.2010;32,66
07.11.2010;32,66
08.11.2010;32,67
09.11.2010;32,65
10.11.2010;32,64
11.11.2010;32,62
12.11.2010;32,65
13.11.2010;32,66
14.11.2010;32,66
15.11.2010;32,64
16.11.2010;32,64
17.11.2010;32,66
18.11.2010;32,64
19.11.2010;32,64
20.11.2010;32,64
21.11.2010;32,64
22.11.2010;32,65
23.11.2010;32,64
24.11.2010;32,63
25.11.2010;32,64
26.11.2010;32,64
27.11.2010;32,64
28.11.2010;32,64
29.11.2010;32,64
30.11.2010;32,62
01.12.2010;32,63
02.12.2010;32,63
03.12.2010;32,62
04.12.2010;32,61
05.12.2010;32,65
06.12.2010;32,66
07.12.2010;32,67
08.12.2010;32,67
09.12.2010;32,64
10.12.2010;32,62
11.12.2010;32,64
12.12.2010;32,64
13.12.2010;32,64
14.12.2010;32,63
15.12.2010;32,62
16.12.2010;32,63
17.12.2010;32,63
18.12.2010;32,63
19.12.2010;32,63
20.12.2010;32,62
21.12.2010;32,63
22.12.2010;32,63
23.12.2010;32,64
24.12.2010;32,63
25.12.2010;32,62
26.12.2010;32,63
27.12.2010;32,63
28.12.2010;32,63
29.12.2010;32,63
30.12.2010;32,62
31.12.2010;32,63
01.01.2011;32,64
02.01.2011;32,64
03.01.2011;32,64
04.01.2011;32,64
05.01.2011;32,64
06.01.2011;32,65
07.01.2011;32,64
08.01.2011;32,65
09.01.2011;32,66
10.01.2011;32,65
11.01.2011;32,66
12.01.2011;32,65
13.01.2011;32,65
14.01.2011;32,66
15.01.2011;32,66
16.01.2011;32,67
17.01.2011;32,67
18.01.2011;32,65
19.01.2011;32,63
20.01.2011;32,62
21.01.2011;32,62
22.01.2011;32,62
23.01.2011;32,63
24.01.2011;32,62
25.01.2011;32,63
26.01.2011;32,63
27.01.2011;32,62
28.01.2011;32,61
29.01.2011;32,62
30.01.2011;32,62
31.01.2011;32,62
01.02.2011;32,62
02.02.2011;32,61
03.02.2011;32,62
04.02.2011;32,62
05.02.2011;32,61
06.02.2011;32,63
07.02.2011;32,63
08.02.2011;32,62
09.02.2011;32,63
10.02.2011;32,63
11.02.2011;32,63
12.02.2011;32,61
13.02.2011;32,63
14.02.2011;32,63
15.02.2011;32,63
16.02.2011;32,63
17.02.2011;32,63
18.02.2011;32,63
19.02.2011;32,64
20.02.2011;32,65
21.02.2011;32,64
22.02.2011;32,65
23.02.2011;32,65
24.02.2011;32,67
25.02.2011;32,66
26.02.2011;32,67
27.02.2011;32,69
28.02.2011;32,69
01.03.2011;32,69
02.03.2011;32,68
03.03.2011;32,68
04.03.2011;32,68
05.03.2011;32,69
06.03.2011;32,69
07.03.2011;32,69
08.03.2011;32,70
09.03.2011;32,70
10.03.2011;32,69
11.03.2011;32,69
12.03.2011;32,70
13.03.2011;32,70
14.03.2011;32,71
15.03.2011;32,70
16.03.2011;32,69
17.03.2011;32,70
18.03.2011;32,69
19.03.2011;32,69
20.03.2011;32,69
21.03.2011;32,70
22.03.2011;32,70
23.03.2011;32,69
24.03.2011;32,70
25.03.2011;32,71
26.03.2011;32,69
27.03.2011;32,69
28.03.2011;32,69
29.03.2011;32,68
30.03.2011;32,69
27.04.2011;32,70
28.04.2011;32,69
29.04.2011;32,68
30.04.2011;32,67
01.05.2011;32,68
02.05.2011;32,70
03.05.2011;32,70
04.05.2011;32,70
05.05.2011;32,70
06.05.2011;32,69
07.05.2011;32,70
08.05.2011;32,70
09.05.2011;32,70
10.05.2011;32,70
11.05.2011;32,72
12.05.2011;32,70
13.05.2011;32,70
14.05.2011;32,70
15.05.2011;32,69
16.05.2011;32,69
17.05.2011;32,69
18.05.2011;32,69
19.05.2011;32,70
20.05.2011;32,70
21.05.2011;32,69
22.05.2011;32,70
23.05.2011;32,69
24.05.2011;32,69
25.05.2011;32,68
26.05.2011;32,69
27.05.2011;32,69
28.05.2011;32,68
29.05.2011;32,69
30.05.2011;32,69
31.05.2011;32,69
01.06.2011;32,67
02.06.2011;32,67
03.06.2011;32,67
04.06.2011;32,68
05.06.2011;32,68
06.06.2011;32,68
07.06.2011;32,68
08.06.2011;32,69
09.06.2011;32,68
10.06.2011;32,68
11.06.2011;32,67
12.06.2011;32,66
13.06.2011;32,66
14.06.2011;32,66
15.06.2011;32,67
16.06.2011;32,68
17.06.2011;32,67
18.06.2011;32,69
19.06.2011;32,69
20.06.2011;32,68
21.06.2011;32,68
22.06.2011;32,68
23.06.2011;32,69
24.06.2011;32,70
25.06.2011;32,69
26.06.2011;32,69
27.06.2011;32,69
28.06.2011;32,69
29.06.2011;32,69
30.06.2011;32,68
01.07.2011;32,69
02.07.2011;32,69
03.07.2011;32,69
04.07.2011;32,70
05.07.2011;32,70
06.07.2011;32,70
07.07.2011;32,69
08.07.2011;32,70
09.07.2011;32,70
10.07.2011;32,70
11.07.2011;32,69
12.07.2011;32,70
13.07.2011;32,70
14.07.2011;32,68
15.07.2011;32,69
16.07.2011;32,69
17.07.2011;32,70
18.07.2011;32,70
19.07.2011;32,70
20.07.2011;32,69
21.07.2011;32,68
22.07.2011;32,70
23.07.2011;32,70
24.07.2011;32,70
25.07.2011;32,70
26.07.2011;32,69
27.07.2011;32,67
28.07.2011;32,68
29.07.2011;32,68
30.07.2011;32,70
31.07.2011;32,70
01.08.2011;32,71
02.08.2011;32,73
03.08.2011;32,73
04.08.2011;32,72
05.08.2011;32,71
06.08.2011;32,71
07.08.2011;32,70
08.08.2011;32,69
09.08.2011;32,68
10.08.2011;32,66
11.08.2011;32,68
12.08.2011;32,68
13.08.2011;32,68
14.08.2011;32,69
15.08.2011;32,68
16.08.2011;32,66
17.08.2011;32,67
18.08.2011;32,66
19.08.2011;32,67
20.08.2011;32,66
21.08.2011;32,68
22.08.2011;32,67
23.08.2011;32,67
24.08.2011;32,67
25.08.2011;32,69
26.08.2011;32,69
27.08.2011;32,67
28.08.2011;32,68
29.08.2011;32,68
30.08.2011;32,68
31.08.2011;32,69
01.09.2011;32,69
02.09.2011;32,69
03.09.2011;32,69
04.09.2011;32,69
05.09.2011;32,69
06.09.2011;32,70
07.09.2011;32,69
08.09.2011;32,69
09.09.2011;32,70
10.09.2011;32,70
11.09.2011;32,70
12.09.2011;32,69
13.09.2011;32,70
14.09.2011;32,69
15.09.2011;32,68
16.09.2011;32,68
17.09.2011;32,69
18.09.2011;32,69
19.09.2011;32,68
20.09.2011;32,68
21.09.2011;32,69
22.09.2011;32,69
23.09.2011;32,68
24.09.2011;32,69
25.09.2011;32,69
26.09.2011;32,69
27.09.2011;32,68
28.09.2011;32,69
29.09.2011;32,69
30.09.2011;32,69
01.10.2011;32,69
02.10.2011;32,69
03.10.2011;32,70
04.10.2011;32,70
05.10.2011;32,69
06.10.2011;32,70
07.10.2011;32,69
08.10.2011;32,69
09.10.2011;32,69
10.10.2011;32,71
11.10.2011;32,70
12.10.2011;32,69
13.10.2011;32,68
14.10.2011;32,68
15.10.2011;32,68
16.10.2011;32,68
17.10.2011;32,69
18.10.2011;32,69
19.10.2011;32,69
20.10.2011;32,68
21.10.2011;32,68
22.10.2011;32,69
23.10.2011;32,69
24.10.2011;32,69
25.10.2011;32,70
26.10.2011;32,69
27.10.2011;32,68
28.10.2011;32,68
29.10.2011;32,69
30.10.2011;32,71
31.10.2011;32,70
01.11.2011;32,70
02.11.2011;32,70
03.11.2011;32,71
04.11.2011;32,70
05.11.2011;32,70
06.11.2011;32,70
07.11.2011;32,70
08.11.2011;32,70
09.11.2011;32,70
10.11.2011;32,69
11.11.2011;32,69
12.11.2011;32,69
13.11.2011;32,70
14.11.2011;32,71
15.11.2011;32,70
16.11.2011;32,70
17.11.2011;32,70
18.11.2011;32,70
19.11.2011;32,71
20.11.2011;32,71
21.11.2011;32,72
22.11.2011;32,71
23.11.2011;32,70
24.11.2011;32,70
25.11.2011;32,70
26.11.2011;32,70
27.11.2011;32,71
28.11.2011;32,69
29.11.2011;32,70
30.11.2011;32,69
01.12.2011;32,70
02.12.2011;32,71
03.12.2011;32,71
04.12.2011;32,71
05.12.2011;32,70
06.12.2011;32,70
07.12.2011;32,70
08.12.2011;32,67
09.12.2011;32,70
10.12.2011;32,69
11.12.2011;32,70
12.12.2011;32,70
13.12.2011;32,69
14.12.2011;32,68
15.12.2011;32,69
16.12.2011;32,70
17.12.2011;32,68
18.12.2011;32,69
19.12.2011;32,69
20.12.2011;32,69
21.12.2011;32,68
22.12.2011;32,68
23.12.2011;32,68
24.12.2011;32,69
25.12.2011;32,67
26.12.2011;32,67
27.12.2011;32,67
28.12.2011;32,68
29.12.2011;32,69
30.12.2011;32,69
31.12.2011;32,68
01.01.2012;32,68
02.01.2012;32,68
03.01.2012;32,67
04.01.2012;32,68
05.01.2012;32,71
06.01.2012;32,66
07.01.2012;32,68
08.01.2012;32,66
09.01.2012;32,66
10.01.2012;32,65
11.01.2012;32,66
12.01.2012;32,68
13.01.2012;32,66
14.01.2012;32,65
15.01.2012;32,66
16.01.2012;32,66
17.01.2012;32,65
18.01.2012;32,66
19.01.2012;32,67
20.01.2012;32,67
21.01.2012;32,66
22.01.2012;32,65
23.01.2012;32,64
24.01.2012;32,65
25.01.2012;32,64
26.01.2012;32,65
27.01.2012;32,64
28.01.2012;32,64
29.01.2012;32,64
30.01.2012;32,65
31.01.2012;32,66
01.02.2012;32,65
02.02.2012;32,65
03.02.2012;32,65
04.02.2012;32,66
05.02.2012;32,66
06.02.2012;32,66
07.02.2012;32,64
08.02.2012;32,64
09.02.2012;32,66
10.02.2012;32,66
11.02.2012;32,67
12.02.2012;32,68
13.02.2012;32,68
14.02.2012;32,68
15.02.2012;32,68
16.02.2012;32,67
17.02.2012;32,69
18.02.2012;32,69
19.02.2012;32,69
20.02.2012;32,67
21.02.2012;32,69
22.02.2012;32,68
23.02.2012;32,68
24.02.2012;32,66
25.02.2012;32,67
26.02.2012;32,66
27.02.2012;32,66
28.02.2012;32,66
29.02.2012;32,66
01.03.2012;32,66
02.03.2012;32,65
03.03.2012;32,66
04.03.2012;32,66
05.03.2012;32,66
06.03.2012;32,65
07.03.2012;32,66
08.03.2012;32,65
09.03.2012;32,64
10.03.2012;32,66
11.03.2012;32,65
12.03.2012;32,65
13.03.2012;32,64
14.03.2012;32,64
15.03.2012;32,64
16.03.2012;32,65
17.03.2012;32,66
18.03.2012;32,66
19.03.2012;32,64
20.03.2012;32,64
21.03.2012;32,64
22.03.2012;32,65
23.03.2012;32,65
24.03.2012;32,65
25.03.2012;32,65
26.03.2012;32,65
27.03.2012;32,66
28.03.2012;32,66
29.03.2012;32,66
30.03.2012;32,67
31.03.2012;32,67
01.04.2012;32,68
02.04.2012;32,68
03.04.2012;32,69
04.04.2012;32,69
05.04.2012;32,66
06.04.2012;32,66
07.04.2012;32,67
08.04.2012;32,67
09.04.2012;32,70
10.04.2012;32,70
11.04.2012;32,69
12.04.2012;32,67
13.04.2012;32,67
14.04.2012;32,68
15.04.2012;32,69
16.04.2012;32,69
17.04.2012;32,69
18.04.2012;32,69
19.04.2012;32,69
20.04.2012;32,69
21.04.2012;32,68
22.04.2012;32,69
23.04.2012;32,69
24.04.2012;32,69
25.04.2012;32,68
26.04.2012;32,68
27.04.2012;32,68
28.04.2012;32,68
29.04.2012;32,68
30.04.2012;32,66
01.05.2012;32,67
02.05.2012;32,68
03.05.2012;32,69
04.05.2012;32,68
05.05.2012;32,67
06.05.2012;32,67
07.05.2012;32,66
08.05.2012;32,66
09.05.2012;32,66
10.05.2012;32,66
11.05.2012;32,66
12.05.2012;32,66
13.05.2012;32,67
14.05.2012;32,68
15.05.2012;32,68
16.05.2012;32,66
17.05.2012;32,67
18.05.2012;32,69
19.05.2012;32,67
20.05.2012;32,67
21.05.2012;32,68
22.05.2012;32,67
23.05.2012;32,66
24.05.2012;32,65
25.05.2012;32,65
26.05.2012;32,66
27.05.2012;32,67
28.05.2012;32,68
29.05.2012;32,68
30.05.2012;32,67
31.05.2012;32,66
01.06.2012;32,66
02.06.2012;32,66
03.06.2012;32,68
04.06.2012;32,67
05.06.2012;32,66
06.06.2012;32,66
07.06.2012;32,67
08.06.2012;32,68
09.06.2012;32,67
10.06.2012;32,67
11.06.2012;32,67
12.06.2012;32,66
13.06.2012;32,66
14.06.2012;32,66
15.06.2012;32,66
16.06.2012;32,66
17.06.2012;32,66
18.06.2012;32,68
19.06.2012;32,66
20.06.2012;32,67
21.06.2012;32,67
22.06.2012;32,66
23.06.2012;32,65
24.06.2012;32,67
25.06.2012;32,68
26.06.2012;32,66
27.06.2012;32,66
28.06.2012;32,66
29.06.2012;32,68
30.06.2012;32,66
01.07.2012;32,68
02.07.2012;32,67
03.07.2012;32,66
04.07.2012;32,66
05.07.2012;32,67
06.07.2012;32,69
07.07.2012;32,66
08.07.2012;32,67
09.07.2012;32,66
10.07.2012;32,65
11.07.2012;32,65
12.07.2012;32,65
13.07.2012;32,66
14.07.2012;32,66
15.07.2012;32,66
16.07.2012;32,66
17.07.2012;32,66
18.07.2012;32,65
19.07.2012;32,66
20.07.2012;32,64
21.07.2012;32,63
22.07.2012;32,65
23.07.2012;32,67
24.07.2012;32,67
25.07.2012;32,66
26.07.2012;32,66
27.07.2012;32,67
28.07.2012;32,67
29.07.2012;32,68
30.07.2012;32,68
31.07.2012;32,67
01.08.2012;32,67
02.08.2012;32,67
03.08.2012;32,67
04.08.2012;32,69
05.08.2012;32,68
06.08.2012;32,68
07.08.2012;32,68
08.08.2012;32,67
09.08.2012;32,68
10.08.2012;32,68
11.08.2012;32,68
12.08.2012;32,68
13.08.2012;32,69
14.08.2012;32,68
15.08.2012;32,69
16.08.2012;32,69
17.08.2012;32,68
18.08.2012;32,69
19.08.2012;32,69
20.08.2012;32,69
21.08.2012;32,68
22.08.2012;32,69
23.08.2012;32,68
24.08.2012;32,68
25.08.2012;32,68
26.08.2012;32,68
27.08.2012;32,67
28.08.2012;32,68
29.08.2012;32,68
30.08.2012;32,69
31.08.2012;32,69
01.09.2012;32,68
02.09.2012;32,68
03.09.2012;32,69
04.09.2012;32,69
05.09.2012;32,68
06.09.2012;32,67
07.09.2012;32,68
08.09.2012;32,69
09.09.2012;32,69
10.09.2012;32,69
11.09.2012;32,68
12.09.2012;32,66
13.09.2012;32,67
14.09.2012;32,68
15.09.2012;32,68
16.09.2012;32,69
17.09.2012;32,69
18.09.2012;32,69
19.09.2012;32,68
20.09.2012;32,67
21.09.2012;32,67
22.09.2012;32,68
23.09.2012;32,68
24.09.2012;32,70
25.09.2012;32,70
26.09.2012;32,70
27.09.2012;32,67
28.09.2012;32,67
29.09.2012;32,68
30.09.2012;32,67
01.10.2012;32,68
02.10.2012;32,68
03.10.2012;32,68
04.10.2012;32,69
05.10.2012;32,68
06.10.2012;32,69
07.10.2012;32,69
08.10.2012;32,68
09.10.2012;32,68
10.10.2012;32,67
11.10.2012;32,67
12.10.2012;32,67
13.10.2012;32,67
14.10.2012;32,68
15.10.2012;32,68
16.10.2012;32,67
17.10.2012;32,67
18.10.2012;32,66
19.10.2012;32,66
20.10.2012;32,67
21.10.2012;32,68
22.10.2012;32,68
23.10.2012;32,68
24.10.2012;32,68
25.10.2012;32,68
26.10.2012;32,67
27.10.2012;32,68
28.10.2012;32,67
29.10.2012;32,68
30.10.2012;32,70
31.10.2012;32,70
01.11.2012;32,70
02.11.2012;32,68
03.11.2012;32,68
04.11.2012;32,68
05.11.2012;32,69
06.11.2012;32,68
07.11.2012;32,67
08.11.2012;32,66
09.11.2012;32,66
10.11.2012;32,67
11.11.2012;32,67
12.11.2012;32,66
13.11.2012;32,66
14.11.2012;32,67
15.11.2012;32,68
16.11.2012;32,67
17.11.2012;32,67
18.11.2012;32,68
19.11.2012;32,68
20.11.2012;32,67
21.11.2012;32,66
22.11.2012;32,66
23.11.2012;32,67
24.11.2012;32,68
25.11.2012;32,69
26.11.2012;32,68
27.11.2012;32,66
28.11.2012;32,66
29.11.2012;32,67
30.11.2012;32,67
01.12.2012;32,66
02.12.2012;32,66
03.12.2012;32,66
04.12.2012;32,68
05.12.2012;32,66
06.12.2012;32,65
07.12.2012;32,66
08.12.2012;32,66
09.12.2012;32,67
10.12.2012;32,67
11.12.2012;32,66
12.12.2012;32,65
13.12.2012;32,66
14.12.2012;32,66
15.12.2012;32,67
16.12.2012;32,67
17.12.2012;32,68
18.12.2012;32,67
19.12.2012;32,65
20.12.2012;32,65
21.12.2012;32,65
22.12.2012;32,65
23.12.2012;32,66
24.12.2012;32,65
25.12.2012;32,65
26.12.2012;32,64
27.12.2012;32,65
28.12.2012;32,62
29.12.2012;32,64
30.12.2012;32,63
31.12.2012;32,63
01.01.2013;32,65
02.01.2013;32,64
03.01.2013;32,64
04.01.2013;32,61
05.01.2013;32,62
06.01.2013;32,64
07.01.2013;32,64
08.01.2013;32,65
09.01.2013;32,63
10.01.2013;32,64
11.01.2013;32,63
12.01.2013;32,62
13.01.2013;32,62
14.01.2013;32,62
15.01.2013;32,62
16.01.2013;32,62
17.01.2013;32,61
18.01.2013;32,62
19.01.2013;32,63
20.01.2013;32,63
21.01.2013;32,64
22.01.2013;32,63
23.01.2013;32,62
24.01.2013;32,63
25.01.2013;32,63
26.01.2013;32,65
27.01.2013;32,65
28.01.2013;32,65
29.01.2013;32,66
30.01.2013;32,67
31.01.2013;32,64
01.02.2013;32,63
02.02.2013;32,65
03.02.2013;32,63
04.02.2013;32,63
05.02.2013;32,64
06.02.2013;32,63
07.02.2013;32,62
08.02.2013;32,62
09.02.2013;32,62
10.02.2013;32,63
11.02.2013;32,64
12.02.2013;32,62
13.02.2013;32,61
14.02.2013;32,62
15.02.2013;32,63
16.02.2013;32,63
17.02.2013;32,63
18.02.2013;32,63
19.02.2013;32,63
20.02.2013;32,62
21.02.2013;32,63
22.02.2013;32,63
23.02.2013;32,63
24.02.2013;32,63
25.02.2013;32,63
26.02.2013;32,63
27.02.2013;32,63
28.02.2013;32,64
01.03.2013;32,63
02.03.2013;32,63
03.03.2013;32,64
04.03.2013;32,64
05.03.2013;32,65
06.03.2013;32,65
07.03.2013;32,64
08.03.2013;32,63
09.03.2013;32,64
10.03.2013;32,64
11.03.2013;32,63
12.03.2013;32,63
13.03.2013;32,63
14.03.2013;32,65
15.03.2013;32,64
16.03.2013;32,64
17.03.2013;32,65
18.03.2013;32,65
19.03.2013;32,65
20.03.2013;32,64
21.03.2013;32,64
22.03.2013;32,63
23.03.2013;32,63
24.03.2013;32,64
25.03.2013;32,64
26.03.2013;32,64
27.03.2013;32,64
28.03.2013;32,65
29.03.2013;32,66
30.03.2013;32,65
31.03.2013;32,65
01.04.2013;32,65
02.04.2013;32,65
03.04.2013;32,64
04.04.2013;32,65
05.04.2013;32,65
06.04.2013;32,65
07.04.2013;32,65
08.04.2013;32,66
09.04.2013;32,66
10.04.2013;32,66
11.04.2013;32,65
12.04.2013;32,65
13.04.2013;32,65
14.04.2013;32,65
15.04.2013;32,66
16.04.2013;32,65
17.04.2013;32,64
18.04.2013;32,65
19.04.2013;32,65
20.04.2013;32,65
21.04.2013;32,65
22.04.2013;32,65
23.04.2013;32,65
24.04.2013;32,64
25.04.2013;32,64
26.04.2013;32,65
27.04.2013;32,65
28.04.2013;32,65
29.04.2013;32,66
30.04.2013;32,65
01.05.2013;32,64
02.05.2013;32,65
03.05.2013;32,65
04.05.2013;32,65
05.05.2013;32,64
06.05.2013;32,64
07.05.2013;32,65
08.05.2013;32,65
09.05.2013;32,66
10.05.2013;32,66
11.05.2013;32,65
12.05.2013;32,65
13.05.2013;32,65
14.05.2013;32,65
15.05.2013;32,66
16.05.2013;32,67
17.05.2013;32,67
18.05.2013;32,67
19.05.2013;32,67
20.05.2013;32,66
21.05.2013;32,65
22.05.2013;32,67
23.05.2013;32,66
24.05.2013;32,67
25.05.2013;32,66
26.05.2013;32,68
27.05.2013;32,68
28.05.2013;32,68
29.05.2013;32,68
30.05.2013;32,67
31.05.2013;32,68
01.06.2013;32,67
02.06.2013;32,66
03.06.2013;32,66
04.06.2013;32,65
05.06.2013;32,64
06.06.2013;32,65
07.06.2013;32,65
08.06.2013;32,64
09.06.2013;32,64
10.06.2013;32,66
11.06.2013;32,67
12.06.2013;32,66
13.06.2013;32,67
14.06.2013;32,66
15.06.2013;32,66
16.06.2013;32,66
17.06.2013;32,66
18.06.2013;32,66
19.06.2013;32,66
20.06.2013;32,65
21.06.2013;32,66
22.06.2013;32,65
23.06.2013;32,65
24.06.2013;32,65
25.06.2013;32,64
26.06.2013;32,66
27.06.2013;32,65
28.06.2013;32,64
30.07.2013;32,65
31.07.2013;32,65
01.08.2013;32,64
02.08.2013;32,65
03.08.2013;32,66
04.08.2013;32,66
05.08.2013;32,67
06.08.2013;32,66
07.08.2013;32,64
08.08.2013;32,63
09.08.2013;32,65
10.08.2013;32,66
11.08.2013;32,67
12.08.2013;32,67
13.08.2013;32,66
14.08.2013;32,65
15.08.2013;32,66
16.08.2013;32,66
17.08.2013;32,65
18.08.2013;32,66
19.08.2013;32,66
20.08.2013;32,65
21.08.2013;32,65
22.08.2013;32,65
23.08.2013;32,65
24.08.2013;32,65
25.08.2013;32,65
26.08.2013;32,65
27.08.2013;32,65
28.08.2013;32,65
29.08.2013;32,65
30.08.2013;32,66
31.08.2013;32,66
01.09.2013;32,66
02.09.2013;32,66
03.09.2013;32,66
04.09.2013;32,66
05.09.2013;32,66
06.09.2013;32,66
07.09.2013;32,65
08.09.2013;32,65
09.09.2013;32,65
10.09.2013;32,66
11.09.2013;32,66
12.09.2013;32,66
13.09.2013;32,66
14.09.2013;32,66
15.09.2013;32,66
16.09.2013;32,66
17.09.2013;32,66
18.09.2013;32,66
19.09.2013;32,66
20.09.2013;32,66
21.09.2013;32,66
22.09.2013;32,66
23.09.2013;32,66
24.09.2013;32,65
25.09.2013;32,66
26.09.2013;32,66
27.09.2013;32,66
28.09.2013;32,66
29.09.2013;32,65
30.09.2013;32,64
01.10.2013;32,64
02.10.2013;32,64
03.10.2013;32,66
04.10.2013;32,66
05.10.2013;32,66
06.10.2013;32,65
07.10.2013;32,64
08.10.2013;32,65
09.10.2013;32,66
10.10.2013;32,66
11.10.2013;32,66
12.10.2013;32,67
13.10.2013;32,68
14.10.2013;32,68
15.10.2013;32,67
16.10.2013;32,66
17.10.2013;32,66
18.10.2013;32,65
19.10.2013;32,66
20.10.2013;32,66
21.10.2013;32,65
22.10.2013;32,65
23.10.2013;32,66
24.10.2013;32,64
25.10.2013;32,64
26.10.2013;32,65
27.10.2013;32,66
28.10.2013;32,67
29.10.2013;32,66
30.10.2013;32,65
31.10.2013;32,65
01.11.2013;32,65
02.11.2013;32,66
03.11.2013;32,66
04.11.2013;32,66
05.11.2013;32,65
06.11.2013;32,65
07.11.2013;32,66
08.11.2013;32,65
09.11.2013;32,65
10.11.2013;32,65
11.11.2013;32,63
12.11.2013;32,65
13.11.2013;32,65
14.11.2013;32,65
15.11.2013;32,64
16.11.2013;32,64
17.11.2013;32,65
18.11.2013;32,66
19.11.2013;32,66
20.11.2013;32,66
21.11.2013;32,65
22.11.2013;32,65
23.11.2013;32,65
24.11.2013;32,65
25.11.2013;32,64
26.11.2013;32,64
27.11.2013;32,65
28.11.2013;32,66
29.11.2013;32,65
30.11.2013;32,66
01.12.2013;32,66
02.12.2013;32,65
03.12.2013;32,66
04.12.2013;32,66
05.12.2013;32,66
06.12.2013;32,66
07.12.2013;32,64
08.12.2013;32,66
09.12.2013;32,66
10.12.2013;32,66
11.12.2013;32,66
12.12.2013;32,66
13.12.2013;32,66
14.12.2013;32,66
15.12.2013;32,67
16.12.2013;32,67
17.12.2013;32,67
31.01.2014;32,63
01.02.2014;32,64
02.02.2014;32,64
03.02.2014;32,64
04.02.2014;32,65
05.02.2014;32,65
06.02.2014;32,63
07.02.2014;32,63
08.02.2014;32,63
09.02.2014;32,63
10.02.2014;32,63
11.02.2014;32,61
12.02.2014;32,61
13.02.2014;32,61
14.02.2014;32,60
15.02.2014;32,63
16.02.2014;32,63
17.02.2014;32,62
18.02.2014;32,62
19.02.2014;32,62
20.02.2014;32,62
21.02.2014;32,63
22.02.2014;32,62
23.02.2014;32,62
24.02.2014;32,62
25.02.2014;32,62
26.02.2014;32,60
27.02.2014;32,62
28.02.2014;32,62
01.03.2014;32,61
02.03.2014;32,61
03.03.2014;32,62
04.03.2014;32,61
05.03.2014;32,61
06.03.2014;32,60
07.03.2014;32,61
08.03.2014;32,61
09.03.2014;32,62
10.03.2014;32,63
11.03.2014;32,62
12.03.2014;32,61
13.03.2014;32,62
14.03.2014;32,62
15.03.2014;32,62
16.03.2014;32,62
17.03.2014;32,61
18.03.2014;32,61
19.03.2014;32,60
20.03.2014;32,60
21.03.2014;32,60
22.03.2014;32,61
23.03.2014;32,61
24.03.2014;32,62
25.03.2014;32,62
26.03.2014;32,60
27.03.2014;32,59
28.03.2014;32,59
29.03.2014;32,60
30.03.2014;32,62
31.03.2014;32,62
01.04.2014;32,62
02.04.2014;32,61
03.04.2014;32,61
04.04.2014;32,60
05.04.2014;32,61
06.04.2014;32,61
07.04.2014;32,61
08.04.2014;32,61
09.04.2014;32,60
10.04.2014;32,60
11.04.2014;32,60
12.04.2014;32,61
13.04.2014;32,61
14.04.2014;32,61
15.04.2014;32,60
16.04.2014;32,61
17.04.2014;32,61
18.04.2014;32,61
19.04.2014;32,60
20.04.2014;32,60
21.04.2014;32,61
22.04.2014;32,61
23.04.2014;32,60
24.04.2014;32,60
25.04.2014;32,61
26.04.2014;32,60
27.04.2014;32,60
28.04.2014;32,60
29.04.2014;32,59
30.04.2014;32,59
01.05.2014;32,60
02.05.2014;32,60
03.05.2014;32,59
04.05.2014;32,58
05.05.2014;32,59
06.05.2014;32,60
07.05.2014;32,59
08.05.2014;32,59
09.05.2014;32,59
10.05.2014;32,59
11.05.2014;32,61
12.05.2014;32,60
13.05.2014;32,59
14.05.2014;32,58
15.05.2014;32,58
16.05.2014;32,59
17.05.2014;32,60
18.05.2014;32,60
19.05.2014;32,60
20.05.2014;32,59
21.05.2014;32,59
22.05.2014;32,60
23.05.2014;32,59
24.05.2014;32,58
25.05.2014;32,58
26.05.2014;32,58
27.05.2014;32,59
28.05.2014;32,59
29.05.2014;32,60
30.05.2014;32,59
31.05.2014;32,58
01.06.2014;32,58
02.06.2014;32,59
03.06.2014;32,61
04.06.2014;32,62
05.06.2014;32,61
06.06.2014;32,60
07.06.2014;32,59
08.06.2014;32,59
09.06.2014;32,59
10.06.2014;32,59
11.06.2014;32,59
12.06.2014;32,58
13.06.2014;32,59
14.06.2014;32,59
15.06.2014;32,60
16.06.2014;32,61
17.06.2014;32,60
18.06.2014;32,59
19.06.2014;32,59
20.06.2014;32,59
21.06.2014;32,59
22.06.2014;32,61
23.06.2014;32,61
24.06.2014;32,62
25.06.2014;32,62
26.06.2014;32,61
27.06.2014;32,62
28.06.2014;32,62
29.06.2014;32,63
30.06.2014;32,61
01.07.2014;32,60
02.07.2014;32,60
03.07.2014;32,61
04.07.2014;32,62
05.07.2014;32,62
06.07.2014;32,60
07.07.2014;32,59
08.07.2014;32,59
09.07.2014;32,61
10.07.2014;32,61
11.07.2014;32,59
12.07.2014;32,59
13.07.2014;32,61
14.07.2014;32,62
15.07.2014;32,60
16.07.2014;32,59
17.07.2014;32,58
18.07.2014;32,59
19.07.2014;32,59
20.07.2014;32,60
21.07.2014;32,61
22.07.2014;32,60
23.07.2014;32,59
24.07.2014;32,58
25.07.2014;32,58
26.07.2014;32,59
27.07.2014;32,59
28.07.2014;32,60
29.07.2014;32,60
30.07.2014;32,61
31.07.2014;32,59
01.08.2014;32,59
02.08.2014;32,59
03.08.2014;32,59
04.08.2014;32,59
05.08.2014;32,59
06.08.2014;32,59
07.08.2014;32,58
08.08.2014;32,58
09.08.2014;32,58
10.08.2014;32,57
11.08.2014;32,57
12.08.2014;32,57
13.08.2014;32,57
14.08.2014;32,57
15.08.2014;32,58
16.08.2014;32,58
17.08.2014;32,60
18.08.2014;32,60
19.08.2014;32,59
20.08.2014;32,58
21.08.2014;32,58
22.08.2014;32,58
23.08.2014;32,58
24.08.2014;32,59
25.08.2014;32,59
26.08.2014;32,60
27.08.2014;32,58
28.08.2014;32,58
29.08.2014;32,59
30.08.2014;32,59
31.08.2014;32,60
01.09.2014;32,61
02.09.2014;32,61
03.09.2014;32,60
04.09.2014;32,59
05.09.2014;32,60
06.09.2014;32,60
07.09.2014;32,60
08.09.2014;32,61
09.09.2014;32,60
10.09.2014;32,60
11.09.2014;32,60
12.09.2014;32,60
13.09.2014;32,59
14.09.2014;32,60
15.09.2014;32,61
16.09.2014;32,61
17.09.2014;32,61
18.09.2014;32,61
19.09.2014;32,60
20.09.2014;32,61
21.09.2014;32,61
22.09.2014;32,61
23.09.2014;32,59
24.09.2014;32,61
25.09.2014;32,60
26.09.2014;32,60
27.09.2014;32,60
28.09.2014;32,61
29.09.2014;32,61
30.09.2014;32,59
01.10.2014;32,58
02.10.2014;32,57
03.10.2014;32,57
04.10.2014;32,58
05.10.2014;32,59
06.10.2014;32,59
07.10.2014;32,59
08.10.2014;32,57
09.10.2014;32,58
10.10.2014;32,58
11.10.2014;32,59
12.10.2014;32,59
13.10.2014;32,59
14.10.2014;32,57
15.10.2014;32,57
16.10.2014;32,58
17.10.2014;32,58
18.10.2014;32,58
19.10.2014;32,59
20.10.2014;32,58
21.10.2014;32,58
22.10.2014;32,58
23.10.2014;32,58
24.10.2014;32,58
25.10.2014;32,59
26.10.2014;32,58
27.10.2014;32,59
28.10.2014;32,59
29.10.2014;32,59
30.10.2014;32,57
31.10.2014;32,57
01.11.2014;32,58
02.11.2014;32,59
03.11.2014;32,60
04.11.2014;32,61
05.11.2014;32,60
06.11.2014;32,58
07.11.2014;32,58
08.11.2014;32,58
09.11.2014;32,59
10.11.2014;32,60
11.11.2014;32,60
12.11.2014;32,61
13.11.2014;32,60
14.11.2014;32,60
15.11.2014;32,61
16.11.2014;32,61
17.11.2014;32,59
18.11.2014;32,59
19.11.2014;32,58
20.11.2014;32,57
21.11.2014;32,58
22.11.2014;32,59
23.11.2014;32,59
24.11.2014;32,61
25.11.2014;32,59
26.11.2014;32,59
27.11.2014;32,59
28.11.2014;32,58
29.11.2014;32,58
30.11.2014;32,59
01.12.2014;32,59
02.12.2014;32,59
03.12.2014;32,58
04.12.2014;32,59
05.12.2014;32,59
06.12.2014;32,59
07.12.2014;32,58
08.12.2014;32,58
09.12.2014;32,57
10.12.2014;32,59
11.12.2014;32,60
12.12.2014;32,60
13.12.2014;32,58
14.12.2014;32,58
15.12.2014;32,58
16.12.2014;32,57
17.12.2014;32,57
18.12.2014;32,57
19.12.2014;32,57
20.12.2014;32,57
21.12.2014;32,57
22.12.2014;32,59
23.12.2014;32,59
24.12.2014;32,58
25.12.2014;32,57
26.12.2014;32,56
27.12.2014;32,58
28.12.2014;32,57
29.12.2014;32,58
30.12.2014;32,58
31.12.2014;32,57
01.01.2015;32,57
02.01.2015;32,59
03.01.2015;32,58
04.01.2015;32,57
05.01.2015;32,58
06.01.2015;32,58
07.01.2015;32,58
08.01.2015;32,58
09.01.2015;32,59
10.01.2015;32,60
11.01.2015;32,59
12.01.2015;32,58
13.01.2015;32,58
14.01.2015;32,58
15.01.2015;32,56
16.01.2015;32,55
17.01.2015;32,56
18.01.2015;32,56
19.01.2015;32,57
20.01.2015;32,57
21.01.2015;32,56
22.01.2015;32,56
23.01.2015;32,56
24.01.2015;32,58
25.01.2015;32,59
26.01.2015;32,59
27.01.2015;32,58
28.01.2015;32,58
29.01.2015;32,59
30.01.2015;32,60
31.01.2015;32,59
01.02.2015;32,58
02.02.2015;32,58
03.02.2015;32,57
04.02.2015;32,57
05.02.2015;32,57
06.02.2015;32,57
07.02.2015;32,57
08.02.2015;32,56
09.02.2015;32,58
10.02.2015;32,56
11.02.2015;32,56
12.02.2015;32,57
13.02.2015;32,57
14.02.2015;32,57
15.02.2015;32,57
16.02.2015;32,57
17.02.2015;32,57
18.02.2015;32,57
19.02.2015;32,58
20.02.2015;32,59
21.02.2015;32,60
22.02.2015;32,59
23.02.2015;32,60
24.02.2015;32,59
25.02.2015;32,58
26.02.2015;32,58
27.02.2015;32,59
28.02.2015;32,57
01.03.2015;32,60
02.03.2015;32,60
03.03.2015;32,58
04.03.2015;32,59
05.03.2015;32,58
06.03.2015;32,58
07.03.2015;32,58
08.03.2015;32,58
09.03.2015;32,57
10.03.2015;32,58
11.03.2015;32,58
12.03.2015;32,58
13.03.2015;32,59
14.03.2015;32,58
15.03.2015;32,58
16.03.2015;32,58
17.03.2015;32,58
18.03.2015;32,59
19.03.2015;32,59
20.03.2015;32,59
21.03.2015;32,60
22.03.2015;32,59
23.03.2015;32,60
24.03.2015;32,59
25.03.2015;32,58
26.03.2015;32,58
27.03.2015;32,57
28.03.2015;32,57
29.03.2015;32,59
30.03.2015;32,58
31.03.2015;32,62
01.04.2015;32,57
02.04.2015;32,58
03.04.2015;32,56
04.04.2015;32,56
05.04.2015;32,57
06.04.2015;32,58
07.04.2015;32,59
08.04.2015;32,57
09.04.2015;32,57
10.04.2015;32,57
11.04.2015;32,58
12.04.2015;32,56
13.04.2015;32,56
14.04.2015;32,56
15.04.2015;32,57
16.04.2015;32,56
17.04.2015;32,56
18.04.2015;32,55
19.04.2015;32,56
20.04.2015;32,56
21.04.2015;32,56
22.04.2015;32,56
23.04.2015;32,57
24.04.2015;32,57
25.04.2015;32,58
26.04.2015;32,58
27.04.2015;32,59
28.04.2015;32,57
29.04.2015;32,57
30.04.2015;32,57
01.05.2015;32,57
02.05.2015;32,57
03.05.2015;32,58
04.05.2015;32,58
05.05.2015;32,58
06.05.2015;32,58
07.05.2015;32,56
08.05.2015;32,56
09.05.2015;32,56
10.05.2015;32,56
11.05.2015;32,57
12.05.2015;32,57
13.05.2015;32,57
14.05.2015;32,56
15.05.2015;32,56
16.05.2015;32,56
17.05.2015;32,55
18.05.2015;32,57
19.05.2015;32,57
20.05.2015;32,58
21.05.2015;32,57
22.05.2015;32,53
23.05.2015;32,54
24.05.2015;32,53
25.05.2015;32,54
26.05.2015;32,53
27.05.2015;32,52
28.05.2015;32,53
29.05.2015;32,52
30.05.2015;32,51
31.05.2015;32,52
01.06.2015;32,52
02.06.2015;32,53
03.06.2015;32,52
04.06.2015;32,51
05.06.2015;32,52
06.06.2015;32,52
07.06.2015;32,51
08.06.2015;32,51
09.06.2015;32,50
10.06.2015;32,51
11.06.2015;32,51
12.06.2015;32,51
13.06.2015;32,52
14.06.2015;32,53
15.06.2015;32,52
16.06.2015;32,53
17.06.2015;32,53
18.06.2015;32,54
19.06.2015;32,53
20.06.2015;32,54
21.06.2015;32,54
22.06.2015;32,55
23.06.2015;32,54
24.06.2015;32,54
25.06.2015;32,55
26.06.2015;32,54
27.06.2015;32,54
28.06.2015;32,53
29.06.2015;32,54
30.06.2015;32,53
01.07.2015;32,53
02.07.2015;32,53
03.07.2015;32,53
04.07.2015;32,53
05.07.2015;32,52
06.07.2015;32,52
07.07.2015;32,52
08.07.2015;32,52
09.07.2015;32,52
10.07.2015;32,52
11.07.2015;32,54
12.07.2015;32,55
13.07.2015;32,55
14.07.2015;32,55
15.07.2015;32,54
16.07.2015;32,53
17.07.2015;32,53
18.07.2015;32,53
19.07.2015;32,55
20.07.2015;32,54
21.07.2015;32,54
22.07.2015;32,53
23.07.2015;32,53
24.07.2015;32,53
25.07.2015;32,55
26.07.2015;32,53
27.07.2015;32,54
28.07.2015;32,53
29.07.2015;32,53
30.07.2015;32,53
31.07.2015;32,52
01.08.2015;32,52
02.08.2015;32,52
03.08.2015;32,52
04.08.2015;32,52
05.08.2015;32,50
06.08.2015;32,51
07.08.2015;32,51
08.08.2015;32,50
09.08.2015;32,50
10.08.2015;32,51
11.08.2015;32,51
12.08.2015;32,50
13.08.2015;32,50
14.08.2015;32,51
15.08.2015;32,51
16.08.2015;32,50
17.08.2015;32,52
18.08.2015;32,52
19.08.2015;32,52
20.08.2015;32,53
21.08.2015;32,52
22.08.2015;32,52
23.08.2015;32,53
24.08.2015;32,54
25.08.2015;32,54
26.08.2015;32,54
27.08.2015;32,53
28.08.2015;32,52
29.08.2015;32,53
30.08.2015;32,53
31.08.2015;32,54
01.09.2015;32,53
02.09.2015;32,52
03.09.2015;32,52
04.09.2015;32,53
05.09.2015;32,52
06.09.2015;32,52
07.09.2015;32,52
08.09.2015;32,53
09.09.2015;32,53
10.09.2015;32,53
11.09.2015;32,53
12.09.2015;32,52
13.09.2015;32,52
14.09.2015;32,53
15.09.2015;32,52
16.09.2015;32,52
17.09.2015;32,52
18.09.2015;32,51
19.09.2015;32,52
20.09.2015;32,52
21.09.2015;32,53
22.09.2015;32,54
23.09.2015;32,53
24.09.2015;32,52
25.09.2015;32,53
26.09.2015;32,53
27.09.2015;32,53
28.09.2015;32,53
29.09.2015;32,53
30.09.2015;32,53
01.10.2015;32,54
02.10.2015;32,54
03.10.2015;32,54
04.10.2015;32,53
05.10.2015;32,53
06.10.2015;32,53
07.10.2015;32,53
08.10.2015;32,53
09.10.2015;32,54
10.10.2015;32,53
11.10.2015;32,53
12.10.2015;32,53
13.10.2015;32,53
14.10.2015;32,53
15.10.2015;32,54
16.10.2015;32,53
17.10.2015;32,54
18.10.2015;32,54
19.10.2015;32,54
20.10.2015;32,52
21.10.2015;32,52
22.10.2015;32,52
23.10.2015;32,52
24.10.2015;32,54
25.10.2015;32,54
26.10.2015;32,53
27.10.2015;32,53
28.10.2015;32,53
29.10.2015;32,53
30.10.2015;32,52
31.10.2015;32,53
01.11.2015;32,53
02.11.2015;32,53
03.11.2015;32,54
04.11.2015;32,53
05.11.2015;32,53
06.11.2015;32,53
07.11.2015;32,53
08.11.2015;32,52
09.11.2015;32,54
10.11.2015;32,53
11.11.2015;32,53
12.11.2015;32,53
13.11.2015;32,54
14.11.2015;32,54
15.11.2015;32,55
16.11.2015;32,55
17.11.2015;32,55
18.11.2015;32,53
19.11.2015;32,53
20.11.2015;32,52
21.11.2015;32,53
22.11.2015;32,53
23.11.2015;32,52
24.11.2015;32,52
25.11.2015;32,53
26.11.2015;32,52
27.11.2015;32,53
28.11.2015;32,54
29.11.2015;32,55
30.11.2015;32,53
01.12.2015;32,53
02.12.2015;32,53
03.12.2015;32,52
04.12.2015;32,52
05.12.2015;32,52
06.12.2015;32,53
07.12.2015;32,53
08.12.2015;32,53
09.12.2015;32,53
10.12.2015;32,53
11.12.2015;32,53
12.12.2015;32,52
13.12.2015;32,54
14.12.2015;32,53
15.12.2015;32,53
16.12.2015;32,53
17.12.2015;32,54
18.12.2015;32,54
19.12.2015;32,54
20.12.2015;32,55
21.12.2015;32,55
22.12.2015;32,54
23.12.2015;32,55
24.12.2015;32,54
25.12.2015;32,53
26.12.2015;32,54
27.12.2015;32,54
28.12.2015;32,53
29.12.2015;32,54
30.12.2015;32,53
31.12.2015;32,55
01.01.2016;32,54
02.01.2016;32,55
03.01.2016;32,55
04.01.2016;32,55
05.01.2016;32,54
06.01.2016;32,53
07.01.2016;32,53
08.01.2016;32,54
09.01.2016;32,54
10.01.2016;32,55
11.01.2016;32,56
12.01.2016;32,55
13.01.2016;32,55
14.01.2016;32,54
15.01.2016;32,53
16.01.2016;32,52
17.01.2016;32,52
18.01.2016;32,52
19.01.2016;32,52
20.01.2016;32,51
21.01.2016;32,51
22.01.2016;32,52
23.01.2016;32,53
24.01.2016;32,52
25.01.2016;32,53
26.01.2016;32,53
27.01.2016;32,53
28.01.2016;32,52
29.01.2016;32,53
30.01.2016;32,54
31.01.2016;32,54
01.02.2016;32,53
02.02.2016;32,52
03.02.2016;32,51
04.02.2016;32,51
05.02.2016;32,51
06.02.2016;32,52
07.02.2016;32,53
08.02.2016;32,53
09.02.2016;32,52
10.02.2016;32,52
11.02.2016;32,52
12.02.2016;32,53
13.02.2016;32,53
14.02.2016;32,54
15.02.2016;32,52
16.02.2016;32,50
17.02.2016;32,53
18.02.2016;32,53
19.02.2016;32,53
20.02.2016;32,53
21.02.2016;32,52
22.02.2016;32,53
23.02.2016;32,54
24.02.2016;32,52
25.02.2016;32,52
26.02.2016;32,52
27.02.2016;32,52
28.02.2016;32,53
29.02.2016;32,53
01.03.2016;32,52
02.03.2016;32,53
03.03.2016;32,52
04.03.2016;32,52
05.03.2016;32,53
06.03.2016;32,54
07.03.2016;32,53
08.03.2016;32,52
09.03.2016;32,52
10.03.2016;32,51
11.03.2016;32,52
12.03.2016;32,53
13.03.2016;32,53
14.03.2016;32,53
15.03.2016;32,52
16.03.2016;32,51
17.03.2016;32,52
18.03.2016;32,52
19.03.2016;32,52
20.03.2016;32,53
21.03.2016;32,53
22.03.2016;32,53
23.03.2016;32,53
24.03.2016;32,52
25.03.2016;32,52
26.03.2016;32,51
27.03.2016;32,53
28.03.2016;32,53
29.03.2016;32,52
30.03.2016;32,53
31.03.2016;32,52
01.04.2016;32,52
02.04.2016;32,52
03.04.2016;32,53
04.04.2016;32,53
05.04.2016;32,52
06.04.2016;32,51
07.04.2016;32,51
08.04.2016;32,52
09.04.2016;32,52
10.04.2016;32,51
11.04.2016;32,52
12.04.2016;32,53
13.04.2016;32,53
14.04.2016;32,53
15.04.2016;32,54
16.04.2016;32,54
17.04.2016;32,52
18.04.2016;32,51
19.04.2016;32,51
20.04.2016;32,51
21.04.2016;32,52
22.04.2016;32,52
23.04.2016;32,53
24.04.2016;32,53
25.04.2016;32,52
26.04.2016;32,52
27.04.2016;32,52
28.04.2016;32,51
29.04.2016;32,51
30.04.2016;32,51
01.05.2016;32,51
02.05.2016;32,52
03.05.2016;32,52
04.05.2016;32,51
05.05.2016;32,52
06.05.2016;32,52
07.05.2016;32,52
08.05.2016;32,52
09.05.2016;32,53
10.05.2016;32,53
11.05.2016;32,52
12.05.2016;32,53
13.05.2016;32,53
14.05.2016;32,52
15.05.2016;32,51
16.05.2016;32,50
17.05.2016;32,51
18.05.2016;32,51
19.05.2016;32,51
20.05.2016;32,51
21.05.2016;32,51
22.05.2016;32,51
23.05.2016;32,52
24.05.2016;32,52
25.05.2016;32,51
26.05.2016;32,52
27.05.2016;32,51
28.05.2016;32,51
29.05.2016;32,52
30.05.2016;32,52
31.05.2016;32,52
01.06.2016;32,52
02.06.2016;32,51
03.06.2016;32,51
04.06.2016;32,50
05.06.2016;32,51
06.06.2016;32,51
07.06.2016;32,51
08.06.2016;32,51
09.06.2016;32,50
10.06.2016;32,50
11.06.2016;32,49
12.06.2016;32,50
13.06.2016;32,51
14.06.2016;32,51
15.06.2016;32,51
16.06.2016;32,51
17.06.2016;32,51
18.06.2016;32,51
19.06.2016;32,51
20.06.2016;32,51
21.06.2016;32,50
22.06.2016;32,50
23.06.2016;32,51
24.06.2016;32,51
25.06.2016;32,51
26.06.2016;32,49
27.06.2016;32,53
28.06.2016;32,54
29.06.2016;32,55
30.06.2016;32,55
01.07.2016;32,55
02.07.2016;32,56
03.07.2016;32,56
04.07.2016;32,56
05.07.2016;32,57
06.07.2016;32,55
07.07.2016;32,53
08.07.2016;32,55
09.07.2016;32,54
10.07.2016;32,55
11.07.2016;32,55
12.07.2016;32,54
13.07.2016;32,54
14.07.2016;32,54
15.07.2016;32,53
16.07.2016;32,55
17.07.2016;32,56
18.07.2016;32,56
19.07.2016;32,56
20.07.2016;32,56
21.07.2016;32,56
22.07.2016;32,54
23.07.2016;32,54
24.07.2016;32,55
25.07.2016;32,55
26.07.2016;32,54
27.07.2016;32,54
28.07.2016;32,55
29.07.2016;32,55
30.07.2016;32,54
31.07.2016;32,54
01.08.2016;32,55
02.08.2016;32,55
03.08.2016;32,55
04.08.2016;32,55
05.08.2016;32,55
06.08.2016;32,55
07.08.2016;32,56
08.08.2016;32,57
09.08.2016;32,56
10.08.2016;32,55
11.08.2016;32,54
12.08.2016;32,55
13.08.2016;32,56
14.08.2016;32,56
15.08.2016;32,56
16.08.2016;32,57
17.08.2016;32,56
18.08.2016;32,56
19.08.2016;32,55
20.08.2016;32,55
21.08.2016;32,55
22.08.2016;32,56
23.08.2016;32,55
24.08.2016;32,55
25.08.2016;32,55
26.08.2016;32,54
27.08.2016;32,54
28.08.2016;32,54
29.08.2016;32,54
30.08.2016;32,53
31.08.2016;32,54
01.09.2016;32,55
02.09.2016;32,55
03.09.2016;32,55
04.09.2016;32,56
05.09.2016;32,55
06.09.2016;32,54
07.09.2016;32,55
08.09.2016;32,55
09.09.2016;32,54
10.09.2016;32,55
11.09.2016;32,55
12.09.2016;32,55
13.09.2016;32,55
14.09.2016;32,55
15.09.2016;32,55
16.09.2016;32,55
17.09.2016;32,55
18.09.2016;32,55
19.09.2016;32,55
20.09.2016;32,55
21.09.2016;32,55
22.09.2016;32,55
23.09.2016;32,55
24.09.2016;32,55
25.09.2016;32,56
26.09.2016;32,55
27.09.2016;32,55
28.09.2016;32,55
29.09.2016;32,55
30.09.2016;32,55
01.10.2016;32,56
02.10.2016;32,56
03.10.2016;32,56
04.10.2016;32,56
05.10.2016;32,57
06.10.2016;32,57
07.10.2016;32,57
08.10.2016;32,57
09.10.2016;32,58
10.10.2016;32,58
11.10.2016;32,58
12.10.2016;32,58
13.10.2016;32,58
14.10.2016;32,58
15.10.2016;32,58
16.10.2016;32,57
17.10.2016;32,57
18.10.2016;32,57
19.10.2016;32,57
20.10.2016;32,57
21.10.2016;32,57
22.10.2016;32,58
23.10.2016;32,58
24.10.2016;32,58
25.10.2016;32,58
26.10.2016;32,57
27.10.2016;32,57
28.10.2016;32,57
29.10.2016;32,56
30.10.2016;32,56
31.10.2016;32,57
01.11.2016;32,57
02.11.2016;32,57
03.11.2016;32,56
04.11.2016;32,57
05.11.2016;32,58
06.11.2016;32,58
07.11.2016;32,58
08.11.2016;32,58
09.11.2016;32,58
10.11.2016;32,58
11.11.2016;32,57
12.11.2016;32,57
13.11.2016;32,57
14.11.2016;32,56
15.11.2016;32,57
16.11.2016;32,57
17.11.2016;32,57
18.11.2016;32,58
19.11.2016;32,57
20.11.2016;32,58
21.11.2016;32,57
22.11.2016;32,57
23.11.2016;32,56
24.11.2016;32,56
25.11.2016;32,56
26.11.2016;32,57
27.11.2016;32,56
28.11.2016;32,55
29.11.2016;32,56
30.11.2016;32,56
01.12.2016;32,56
02.12.2016;32,54
03.12.2016;32,55
04.12.2016;32,55
05.12.2016;32,55
06.12.2016;32,54
07.12.2016;32,55
08.12.2016;32,56
09.12.2016;32,57
10.12.2016;32,57
11.12.2016;32,59
12.12.2016;32,57
13.12.2016;32,56
14.12.2016;32,54
15.12.2016;32,54
16.12.2016;32,55
17.12.2016;32,56
18.12.2016;32,56
19.12.2016;32,56
20.12.2016;32,56
21.12.2016;32,54
22.12.2016;32,55
23.12.2016;32,54
24.12.2016;32,55
25.12.2016;32,57
26.12.2016;32,57
27.12.2016;32,54
28.12.2016;32,54
29.12.2016;32,54
30.12.2016;32,54
31.12.2016;32,55
01.01.2017;32,56
02.01.2017;32,56
03.01.2017;32,56
04.01.2017;32,57
05.01.2017;32,55
06.01.2017;32,53
07.01.2017;32,54
08.01.2017;32,55
09.01.2017;32,56
10.01.2017;32,57
11.01.2017;32,57
12.01.2017;32,55
13.01.2017;32,57
14.01.2017;32,56
15.01.2017;32,56
16.01.2017;32,55
17.01.2017;32,54
18.01.2017;32,53
19.01.2017;32,55
20.01.2017;32,56
21.01.2017;32,57
22.01.2017;32,56
23.01.2017;32,55
24.01.2017;32,55
25.01.2017;32,55
26.01.2017;32,55
27.01.2017;32,55
28.01.2017;32,55
29.01.2017;32,56
30.01.2017;32,57
31.01.2017;32,57
01.02.2017;32,56
02.02.2017;32,55
03.02.2017;32,55
04.02.2017;32,56
05.02.2017;32,56
06.02.2017;32,56
07.02.2017;32,56
08.02.2017;32,56
09.02.2017;32,55
10.02.2017;32,55
11.02.2017;32,55
12.02.2017;32,56
13.02.2017;32,56
14.02.2017;32,55
15.02.2017;32,55
16.02.2017;32,54
17.02.2017;32,55
18.02.2017;32,56
19.02.2017;32,56
20.02.2017;32,56
21.02.2017;32,56
22.02.2017;32,53
23.02.2017;32,56
24.02.2017;32,59
25.02.2017;32,54
26.02.2017;32,53
27.02.2017;32,54
28.02.2017;32,54
01.03.2017;32,56
02.03.2017;32,53
03.03.2017;32,53
04.03.2017;32,52
05.03.2017;32,54
06.03.2017;32,53
07.03.2017;32,53
08.03.2017;32,51
09.03.2017;32,55
10.03.2017;32,56
11.03.2017;32,54
12.03.2017;32,53
13.03.2017;32,53
14.03.2017;32,54
15.03.2017;32,54
16.03.2017;32,54
17.03.2017;32,53
18.03.2017;32,53
19.03.2017;32,55
20.03.2017;32,56
21.03.2017;32,55
22.03.2017;32,56
23.03.2017;32,54
24.03.2017;32,56
25.03.2017;32,53
26.03.2017;32,55
27.03.2017;32,55
28.03.2017;32,55
29.03.2017;32,55
30.03.2017;32,56
31.03.2017;32,54
01.04.2017;32,55
02.04.2017;32,55
03.04.2017;32,55
04.04.2017;32,55
05.04.2017;32,55
06.04.2017;32,55
07.04.2017;32,55
08.04.2017;32,55
09.04.2017;32,56
10.04.2017;32,57
11.04.2017;32,55
12.04.2017;32,56
13.04.2017;32,56
14.04.2017;32,56
15.04.2017;32,56
16.04.2017;32,56
17.04.2017;32,56
18.04.2017;32,55
19.04.2017;32,54
20.04.2017;32,54
21.04.2017;32,55
22.04.2017;32,54
23.04.2017;32,55
24.04.2017;32,56
25.04.2017;32,57
26.04.2017;32,56
27.04.2017;32,55
28.04.2017;32,55
29.04.2017;32,55
30.04.2017;32,56
01.05.2017;32,56
02.05.2017;32,56
03.05.2017;32,56
04.05.2017;32,56
05.05.2017;32,56
06.05.2017;32,57
07.05.2017;32,57
08.05.2017;32,57
09.05.2017;32,57
10.05.2017;32,57
11.05.2017;32,57
12.05.2017;32,56
13.05.2017;32,56
14.05.2017;32,56
15.05.2017;32,56
16.05.2017;32,56
17.05.2017;32,56
18.05.2017;32,56
19.05.2017;32,56
20.05.2017;32,55
21.05.2017;32,56
22.05.2017;32,56
23.05.2017;32,56
24.05.2017;32,54
25.05.2017;32,55
26.05.2017;32,54
27.05.2017;32,54
28.05.2017;32,54
29.05.2017;32,55
30.05.2017;32,53
31.05.2017;32,54
01.06.2017;32,54
02.06.2017;32,55
03.06.2017;32,55
04.06.2017;32,55
05.06.2017;32,56
06.06.2017;32,56
07.06.2017;32,54
08.06.2017;32,54
09.06.2017;32,55
10.06.2017;32,54
11.06.2017;32,55
12.06.2017;32,55
13.06.2017;32,54
14.06.2017;32,55
15.06.2017;32,55
16.06.2017;32,54
17.06.2017;32,53
18.06.2017;32,54
19.06.2017;32,54
20.06.2017;32,54
21.06.2017;32,53
22.06.2017;32,53
23.06.2017;32,55
24.06.2017;32,56
25.06.2017;32,56
26.06.2017;32,57
27.06.2017;32,55
28.06.2017;32,56
29.06.2017;32,54
30.06.2017;32,57
01.07.2017;32,55
02.07.2017;32,54
03.07.2017;32,54
04.07.2017;32,54
05.07.2017;32,56
06.07.2017;32,55
07.07.2017;32,55
08.07.2017;32,57
09.07.2017;32,57
10.07.2017;32,59
11.07.2017;32,58
12.07.2017;32,57
13.07.2017;32,56
14.07.2017;32,57
15.07.2017;32,57
16.07.2017;32,57
17.07.2017;32,57
18.07.2017;32,56
19.07.2017;32,57
20.07.2017;32,57
21.07.2017;32,56
22.07.2017;32,57
23.07.2017;32,59
24.07.2017;32,58
25.07.2017;32,60
26.07.2017;32,58
27.07.2017;32,57
28.07.2017;32,55
29.07.2017;32,55
30.07.2017;32,56
31.07.2017;32,55
01.08.2017;32,54
02.08.2017;32,56
03.08.2017;32,55
04.08.2017;32,56
05.08.2017;32,55
06.08.2017;32,55
07.08.2017;32,56
08.08.2017;32,57
09.08.2017;32,57
10.08.2017;32,56
11.08.2017;32,57
12.08.2017;32,57
13.08.2017;32,58
14.08.2017;32,58
15.08.2017;32,58
16.08.2017;32,57
17.08.2017;32,58
18.08.2017;32,57
19.08.2017;32,58
20.08.2017;32,58
21.08.2017;32,58
22.08.2017;32,58
23.08.2017;32,58
24.08.2017;32,57
25.08.2017;32,58
26.08.2017;32,59
27.08.2017;32,59
28.08.2017;32,59
29.08.2017;32,59
30.08.2017;32,59
31.08.2017;32,59
01.09.2017;32,59
02.09.2017;32,59
03.09.2017;32,59
04.09.2017;32,59
05.09.2017;32,59
06.09.2017;32,59
07.09.2017;32,59
08.09.2017;32,60
09.09.2017;32,60
10.09.2017;32,60
11.09.2017;32,60
12.09.2017;32,59
13.09.2017;32,60
14.09.2017;32,60
15.09.2017;32,60
16.09.2017;32,61
17.09.2017;32,60
18.09.2017;32,61
19.09.2017;32,61
20.09.2017;32,61
21.09.2017;32,61
22.09.2017;32,61
23.09.2017;32,61
24.09.2017;32,62
25.09.2017;32,61
26.09.2017;32,61
27.09.2017;32,62
28.09.2017;32,62
29.09.2017;32,61
30.09.2017;32,61
01.10.2017;32,61
02.10.2017;32,62
03.10.2017;32,62
04.10.2017;32,62
05.10.2017;32,63
06.10.2017;32,62
07.10.2017;32,62
08.10.2017;32,62
09.10.2017;32,62
10.10.2017;32,60
11.10.2017;32,60
12.10.2017;32,59
13.10.2017;32,60
14.10.2017;32,60
15.10.2017;32,61
16.10.2017;32,61
17.10.2017;32,60
18.10.2017;32,60
19.10.2017;32,60
20.10.2017;32,61
21.10.2017;32,60
22.10.2017;32,61
23.10.2017;32,61
24.10.2017;32,60
25.10.2017;32,61
26.10.2017;32,61
27.10.2017;32,61
28.10.2017;32,61
29.10.2017;32,62
30.10.2017;32,61
31.10.2017;32,61
01.11.2017;32,62
02.11.2017;32,63
03.11.2017;32,62
04.11.2017;32,62
05.11.2017;32,62
06.11.2017;32,60
07.11.2017;32,60
08.11.2017;32,61
09.11.2017;32,61
10.11.2017;32,61
11.11.2017;32,62
12.11.2017;32,62
13.11.2017;32,61
14.11.2017;32,62
15.11.2017;32,61
16.11.2017;32,60
17.11.2017;32,60
18.11.2017;32,61
19.11.2017;32,61
20.11.2017;32,61
21.11.2017;32,62
22.11.2017;32,61
23.11.2017;32,62
24.11.2017;32,61
25.11.2017;32,63
26.11.2017;32,62
27.11.2017;32,63
28.11.2017;32,63
29.11.2017;32,63
30.11.2017;32,63
01.12.2017;32,62
02.12.2017;32,62
03.12.2017;32,62
04.12.2017;32,62
05.12.2017;32,62
06.12.2017;32,62
07.12.2017;32,63
08.12.2017;32,64
09.12.2017;32,64
10.12.2017;32,65
11.12.2017;32,63
12.12.2017;32,63
13.12.2017;32,63
14.12.2017;32,64
15.12.2017;32,64
16.12.2017;32,64
17.12.2017;32,63
18.12.2017;32,64
19.12.2017;32,64
20.12.2017;32,63
21.12.2017;32,63
22.12.2017;32,63
23.12.2017;32,64
24.12.2017;32,64
25.12.2017;32,65
26.12.2017;32,65
27.12.2017;32,62
28.12.2017;32,64
29.12.2017;32,64
30.12.2017;32,64
31.12.2017;32,64
01.01.2018;32,64
02.01.2018;32,64
03.01.2018;32,66
04.01.2018;32,64
05.01.2018;32,64
06.01.2018;32,64
07.01.2018;32,63
08.01.2018;32,63
09.01.2018;32,64
10.01.2018;32,63
11.01.2018;32,63
12.01.2018;32,63
13.01.2018;32,64
14.01.2018;32,64
15.01.2018;32,65
16.01.2018;32,65
17.01.2018;32,65
18.01.2018;32,65
19.01.2018;32,64
20.01.2018;32,64
21.01.2018;32,64
22.01.2018;32,64
23.01.2018;32,62
24.01.2018;32,63
25.01.2018;32,64
26.01.2018;32,64
27.01.2018;32,63
28.01.2018;32,64
29.01.2018;32,64
30.01.2018;32,64
31.01.2018;32,65
01.02.2018;32,65
02.02.2018;32,64
03.02.2018;32,64
04.02.2018;32,63
05.02.2018;32,63
06.02.2018;32,64
07.02.2018;32,64
08.02.2018;32,64
09.02.2018;32,64
10.02.2018;32,65
11.02.2018;32,66
12.02.2018;32,64
13.02.2018;32,65
14.02.2018;32,65
15.02.2018;32,65
16.02.2018;32,65
17.02.2018;32,65
18.02.2018;32,66
19.02.2018;32,66
20.02.2018;32,66
21.02.2018;32,65
22.02.2018;32,65
23.02.2018;32,66
24.02.2018;32,66
25.02.2018;32,66
26.02.2018;32,67
27.02.2018;32,66
28.02.2018;32,66
01.03.2018;32,67
02.03.2018;32,66
03.03.2018;32,66
04.03.2018;32,67
05.03.2018;32,67
06.03.2018;32,67
07.03.2018;32,67
08.03.2018;32,66
09.03.2018;32,66
10.03.2018;32,67
11.03.2018;32,67
12.03.2018;32,67
13.03.2018;32,66
14.03.2018;32,66
15.03.2018;32,66
16.03.2018;32,65
17.03.2018;32,65
18.03.2018;32,65
19.03.2018;32,66
20.03.2018;32,66
21.03.2018;32,66
22.03.2018;32,67
23.03.2018;32,66
24.03.2018;32,67
25.03.2018;32,66
26.03.2018;32,66
27.03.2018;32,67
28.03.2018;32,67
29.03.2018;32,67
30.03.2018;32,66
31.03.2018;32,67
01.04.2018;32,66
02.04.2018;32,66
03.04.2018;32,67
04.04.2018;32,67
05.04.2018;32,66
06.04.2018;32,65
07.04.2018;32,67
08.04.2018;32,67
09.04.2018;32,66
10.04.2018;32,66
11.04.2018;32,66
12.04.2018;32,66
13.04.2018;32,65
14.04.2018;32,65
15.04.2018;32,67
16.04.2018;32,67
17.04.2018;32,66
18.04.2018;32,65
19.04.2018;32,65
20.04.2018;32,66
21.04.2018;32,66
22.04.2018;32,67
23.04.2018;32,67
24.04.2018;32,65
25.04.2018;32,67
26.04.2018;32,66
27.04.2018;32,66
28.04.2018;32,66
29.04.2018;32,67
30.04.2018;32,68
01.05.2018;32,66
02.05.2018;32,66
03.05.2018;32,66
04.05.2018;32,65
05.05.2018;32,66
06.05.2018;32,67
07.05.2018;32,67
08.05.2018;32,67
09.05.2018;32,66
10.05.2018;32,66
11.05.2018;32,66
12.05.2018;32,67
13.05.2018;32,67
14.05.2018;32,67
15.05.2018;32,67
16.05.2018;32,67
17.05.2018;32,66
18.05.2018;32,65
19.05.2018;32,65
20.05.2018;32,65
21.05.2018;32,66
22.05.2018;32,67
23.05.2018;32,66
24.05.2018;32,67
25.05.2018;32,67
26.05.2018;32,67
27.05.2018;32,67
28.05.2018;32,67
29.05.2018;32,67
30.05.2018;32,66
31.05.2018;32,66
01.06.2018;32,66
02.06.2018;32,66
03.06.2018;32,67
04.06.2018;32,68
05.06.2018;32,67
06.06.2018;32,67
07.06.2018;32,67
08.06.2018;32,66
09.06.2018;32,65
10.06.2018;32,65
11.06.2018;32,65
12.06.2018;32,65
13.06.2018;32,65
14.06.2018;32,65
15.06.2018;32,65
16.06.2018;32,66
17.06.2018;32,67
18.06.2018;32,67
19.06.2018;32,66
20.06.2018;32,65
21.06.2018;32,65
22.06.2018;32,64
23.06.2018;32,64
24.06.2018;32,65
25.06.2018;32,65
26.06.2018;32,64
27.06.2018;32,65
28.06.2018;32,66
29.06.2018;32,66
30.06.2018;32,66
01.07.2018;32,66
02.07.2018;32,66
03.07.2018;32,66
04.07.2018;32,66
05.07.2018;32,66
06.07.2018;32,65
07.07.2018;32,65
08.07.2018;32,65
09.07.2018;32,65
10.07.2018;32,64
11.07.2018;32,65
12.07.2018;32,67
13.07.2018;32,66
14.07.2018;32,66
15.07.2018;32,66
16.07.2018;32,66
17.07.2018;32,67
18.07.2018;32,65
19.07.2018;32,65
20.07.2018;32,65
21.07.2018;32,65
22.07.2018;32,65
23.07.2018;32,65
24.07.2018;32,65
25.07.2018;32,65
26.07.2018;32,65
27.07.2018;32,65
28.07.2018;32,65
29.07.2018;32,64
30.07.2018;32,65
31.07.2018;32,65
01.08.2018;32,64
02.08.2018;32,64
03.08.2018;32,64
04.08.2018;32,64
05.08.2018;32,64
06.08.2018;32,63
07.08.2018;32,63
08.08.2018;32,63
09.08.2018;32,63
10.08.2018;32,61
11.08.2018;32,63
12.08.2018;32,62
13.08.2018;32,63
14.08.2018;32,61
15.08.2018;32,61
16.08.2018;32,61
17.08.2018;32,61
18.08.2018;32,61
19.08.2018;32,61
20.08.2018;32,61
21.08.2018;32,60
22.08.2018;32,61
23.08.2018;32,61
24.08.2018;32,61
25.08.2018;32,61
26.08.2018;32,61
27.08.2018;32,62
28.08.2018;32,61
29.08.2018;32,61
30.08.2018;32,60
31.08.2018;32,60
01.09.2018;32,60
02.09.2018;32,61
03.09.2018;32,61
04.09.2018;32,62
05.09.2018;32,61
06.09.2018;32,61
07.09.2018;32,62
08.09.2018;32,62
09.09.2018;32,63
10.09.2018;32,63
11.09.2018;32,63
12.09.2018;32,63
13.09.2018;32,63
14.09.2018;32,63
15.09.2018;32,63
16.09.2018;32,63
17.09.2018;32,63
18.09.2018;32,64
19.09.2018;32,63
20.09.2018;32,63
21.09.2018;32,64
22.09.2018;32,63
23.09.2018;32,64
24.09.2018;32,64
25.09.2018;32,63
26.09.2018;32,64
27.09.2018;32,63
28.09.2018;32,64
29.09.2018;32,64
30.09.2018;32,65
01.10.2018;32,64
02.10.2018;32,63
03.10.2018;32,62
04.10.2018;32,62
05.10.2018;32,62
06.10.2018;32,63
07.10.2018;32,63
08.10.2018;32,63
09.10.2018;32,61
10.10.2018;32,64
11.10.2018;32,64
12.10.2018;32,63
13.10.2018;32,64
14.10.2018;32,65
15.10.2018;32,64
16.10.2018;32,64
17.10.2018;32,64
18.10.2018;32,64
19.10.2018;32,63
20.10.2018;32,63
21.10.2018;32,63
22.10.2018;32,63
23.10.2018;32,64
24.10.2018;32,63
25.10.2018;32,63
26.10.2018;32,64
27.10.2018;32,63
28.10.2018;32,63
29.10.2018;32,64
30.10.2018;32,64
31.10.2018;32,62
01.11.2018;32,63
02.11.2018;32,62
03.11.2018;32,62
04.11.2018;32,63
05.11.2018;32,64
06.11.2018;32,63
07.11.2018;32,63
08.11.2018;32,62
09.11.2018;32,63
10.11.2018;32,64
11.11.2018;32,64
12.11.2018;32,64
13.11.2018;32,61
14.11.2018;32,63
15.11.2018;32,63
16.11.2018;32,63
17.11.2018;32,63
18.11.2018;32,63
19.11.2018;32,64
20.11.2018;32,63
21.11.2018;32,63
22.11.2018;32,63
23.11.2018;32,63
24.11.2018;32,64
25.11.2018;32,64
26.11.2018;32,64
27.11.2018;32,62
28.11.2018;32,62
29.11.2018;32,62
30.11.2018;32,63
01.12.2018;32,63
02.12.2018;32,65
03.12.2018;32,65
04.12.2018;32,63
05.12.2018;32,63
06.12.2018;32,64
07.12.2018;32,64
08.12.2018;32,64
09.12.2018;32,65
10.12.2018;32,62
11.12.2018;32,61
12.12.2018;32,61
13.12.2018;32,60
14.12.2018;32,61
15.12.2018;32,61
16.12.2018;32,62
17.12.2018;32,62
18.12.2018;32,62
19.12.2018;32,63
20.12.2018;32,62
21.12.2018;32,62
22.12.2018;32,62
23.12.2018;32,62
24.12.2018;32,61
25.12.2018;32,62
26.12.2018;32,62
27.12.2018;32,62
28.12.2018;32,62
29.12.2018;32,62
30.12.2018;32,62
31.12.2018;32,62
01.01.2019;32,63
02.01.2019;32,61
03.01.2019;32,62
04.01.2019;32,62
05.01.2019;32,62
06.01.2019;32,62
07.01.2019;32,62
08.01.2019;32,64
09.01.2019;32,62
10.01.2019;32,62
11.01.2019;32,62
12.01.2019;32,61
13.01.2019;32,62
14.01.2019;32,61
15.01.2019;32,61
16.01.2019;32,60
17.01.2019;32,60
18.01.2019;32,59
19.01.2019;32,60
20.01.2019;32,60
21.01.2019;32,59
22.01.2019;32,60
23.01.2019;32,60
24.01.2019;32,59
25.01.2019;32,60
26.01.2019;32,62
27.01.2019;32,63
28.01.2019;32,62
29.01.2019;32,60
30.01.2019;32,61
31.01.2019;32,61
01.02.2019;32,61
02.02.2019;32,61
03.02.2019;32,61
04.02.2019;32,61
05.02.2019;32,61
06.02.2019;32,61
07.02.2019;32,61
08.02.2019;32,60
09.02.2019;32,62
10.02.2019;32,62
11.02.2019;32,61
12.02.2019;32,59
13.02.2019;32,60
14.02.2019;32,60
15.02.2019;32,61
16.02.2019;32,61
17.02.2019;32,61
18.02.2019;32,61
19.02.2019;32,60
20.02.2019;32,60
21.02.2019;32,60
22.02.2019;32,58
23.02.2019;32,59
24.02.2019;32,60
25.02.2019;32,60
26.02.2019;32,60
27.02.2019;32,61
28.02.2019;32,61
01.03.2019;32,61
02.03.2019;32,61
03.03.2019;32,62
04.03.2019;32,63
05.03.2019;32,61
06.03.2019;32,61
07.03.2019;32,61
08.03.2019;32,60
09.03.2019;32,61
10.03.2019;32,61
11.03.2019;32,62
12.03.2019;32,60
13.03.2019;32,60
14.03.2019;32,59
15.03.2019;32,60
16.03.2019;32,60
17.03.2019;32,61
18.03.2019;32,60
19.03.2019;32,60
20.03.2019;32,59
21.03.2019;32,59
22.03.2019;32,59
23.03.2019;32,60
24.03.2019;32,60
25.03.2019;32,61
26.03.2019;32,59
27.03.2019;32,59
28.03.2019;32,59
29.03.2019;32,59
30.03.2019;32,60
31.03.2019;32,59
01.04.2019;32,59
02.04.2019;32,60
03.04.2019;32,60
04.04.2019;32,60
05.04.2019;32,59
06.04.2019;32,59
07.04.2019;32,60
08.04.2019;32,60
09.04.2019;32,59
10.04.2019;32,59
11.04.2019;32,59
12.04.2019;32,59
13.04.2019;32,59
14.04.2019;32,59
15.04.2019;32,59
16.04.2019;32,60
17.04.2019;32,59
18.04.2019;32,59
19.04.2019;32,59
20.04.2019;32,59
21.04.2019;32,59
22.04.2019;32,60
23.04.2019;32,60
24.04.2019;32,59
25.04.2019;32,58
26.04.2019;32,56
27.04.2019;32,59
28.04.2019;32,59
29.04.2019;32,59
30.04.2019;32,59
01.05.2019;32,59
02.05.2019;32,60
03.05.2019;32,59
04.05.2019;32,60
05.05.2019;32,59
06.05.2019;32,59
07.05.2019;32,59
08.05.2019;32,60
09.05.2019;32,60
10.05.2019;32,59
11.05.2019;32,59
12.05.2019;32,58
13.05.2019;32,58
14.05.2019;32,58
15.05.2019;32,58
16.05.2019;32,59
17.05.2019;32,59
18.05.2019;32,60
19.05.2019;32,60
20.05.2019;32,60
21.05.2019;32,61
22.05.2019;32,59
23.05.2019;32,56
24.05.2019;32,60
25.05.2019;32,59
26.05.2019;32,60
27.05.2019;32,60
28.05.2019;32,59
29.05.2019;32,58
30.05.2019;32,59
31.05.2019;32,59
01.06.2019;32,59
02.06.2019;32,59
03.06.2019;32,59
04.06.2019;32,59
05.06.2019;32,59
06.06.2019;32,58
07.06.2019;32,59
08.06.2019;32,58
09.06.2019;32,58
10.06.2019;32,59
11.06.2019;32,59
12.06.2019;32,61
13.06.2019;32,59
14.06.2019;32,59
15.06.2019;32,60
16.06.2019;32,59
17.06.2019;32,59
18.06.2019;32,59
19.06.2019;32,59
20.06.2019;32,58
21.06.2019;32,58
22.06.2019;32,58
23.06.2019;32,58
24.06.2019;32,57
25.06.2019;32,57
26.06.2019;32,57
27.06.2019;32,56
28.06.2019;32,56
29.06.2019;32,56
30.06.2019;32,57
01.07.2019;32,56
02.07.2019;32,55
03.07.2019;32,55
04.07.2019;32,54
05.07.2019;32,55
06.07.2019;32,55
07.07.2019;32,55
08.07.2019;32,54
09.07.2019;32,54
10.07.2019;32,54
11.07.2019;32,55
12.07.2019;32,55
13.07.2019;32,55
14.07.2019;32,55
15.07.2019;32,56
16.07.2019;32,55
17.07.2019;32,55
18.07.2019;32,56
19.07.2019;32,55
20.07.2019;32,56
21.07.2019;32,56
22.07.2019;32,56
23.07.2019;32,56
24.07.2019;32,56
25.07.2019;32,55
26.07.2019;32,55
27.07.2019;32,56
28.07.2019;32,56
29.07.2019;32,55
30.07.2019;32,54
31.07.2019;32,54
01.08.2019;32,55
02.08.2019;32,55
03.08.2019;32,56
04.08.2019;32,56
05.08.2019;32,56
06.08.2019;32,56
07.08.2019;32,56
08.08.2019;32,55
09.08.2019;32,55
10.08.2019;32,55
11.08.2019;32,55
12.08.2019;32,54
13.08.2019;32,54
14.08.2019;32,53
15.08.2019;32,53
16.08.2019;32,53
17.08.2019;32,54
18.08.2019;32,54
19.08.2019;32,54
20.08.2019;32,54
21.08.2019;32,53
22.08.2019;32,54
23.08.2019;32,54
24.08.2019;32,54
25.08.2019;32,54
26.08.2019;32,54
27.08.2019;32,54
28.08.2019;32,53
29.08.2019;32,53
30.08.2019;32,53
31.08.2019;32,53
01.09.2019;32,53
02.09.2019;32,52
03.09.2019;32,52
04.09.2019;32,53
05.09.2019;32,52
06.09.2019;32,52
07.09.2019;32,52
08.09.2019;32,52
09.09.2019;32,53
10.09.2019;32,53
11.09.2019;32,54
12.09.2019;32,54
13.09.2019;32,55
14.09.2019;32,55
15.09.2019;32,56
16.09.2019;32,56
17.09.2019;32,56
18.09.2019;32,56
19.09.2019;32,54
20.09.2019;32,56
21.09.2019;32,56
22.09.2019;32,57
23.09.2019;32,57
24.09.2019;32,56
25.09.2019;32,57
26.09.2019;32,56
27.09.2019;32,56
28.09.2019;32,57
29.09.2019;32,58
30.09.2019;32,58
01.10.2019;32,58
02.10.2019;32,57
03.10.2019;32,57
04.10.2019;32,57
05.10.2019;32,57
06.10.2019;32,58
07.10.2019;32,58
08.10.2019;32,59
09.10.2019;32,58
10.10.2019;32,58
11.10.2019;32,58
12.10.2019;32,58
13.10.2019;32,58
14.10.2019;32,58
15.10.2019;32,58
16.10.2019;32,57
17.10.2019;32,57
18.10.2019;32,57
19.10.2019;32,57
20.10.2019;32,57
21.10.2019;32,57
22.10.2019;32,56
23.10.2019;32,57
24.10.2019;32,57
25.10.2019;32,56
26.10.2019;32,57
27.10.2019;32,58
28.10.2019;32,55
29.10.2019;32,58
30.10.2019;32,58
31.10.2019;32,58
01.11.2019;32,58
02.11.2019;32,59
03.11.2019;32,58
04.11.2019;32,58
05.11.2019;32,58
06.11.2019;32,59
07.11.2019;32,59
08.11.2019;32,58
09.11.2019;32,58
10.11.2019;32,58
11.11.2019;32,57
12.11.2019;32,56
13.11.2019;32,56
14.11.2019;32,55
15.11.2019;32,56
16.11.2019;32,55
17.11.2019;32,55
18.11.2019;32,56
19.11.2019;32,55
20.11.2019;32,56
21.11.2019;32,56
22.11.2019;32,56
23.11.2019;32,56
24.11.2019;32,56
25.11.2019;32,56
26.11.2019;32,56
27.11.2019;32,56
28.11.2019;32,56
29.11.2019;32,55
30.11.2019;32,55
01.12.2019;32,56
02.12.2019;32,56
03.12.2019;32,55
04.12.2019;32,55
05.12.2019;32,56
06.12.2019;32,56
07.12.2019;32,56
08.12.2019;32,56
09.12.2019;32,56
10.12.2019;32,54
11.12.2019;32,56
12.12.2019;32,56
13.12.2019;32,57
14.12.2019;32,56
15.12.2019;32,56
16.12.2019;32,56
17.12.2019;32,57
18.12.2019;32,55
19.12.2019;32,56
20.12.2019;32,57
21.12.2019;32,56
22.12.2019;32,56
23.12.2019;32,55
24.12.2019;32,55
25.12.2019;32,55
26.12.2019;32,55
27.12.2019;32,55
28.12.2019;32,54
29.12.2019;32,55
30.12.2019;32,56
31.12.2019;32,55
01.01.2020;32,55
02.01.2020;32,56
03.01.2020;32,56
04.01.2020;32,56
05.01.2020;32,55
06.01.2020;32,56
07.01.2020;32,55
08.01.2020;32,55
09.01.2020;32,56
10.01.2020;32,55
11.01.2020;32,55
12.01.2020;32,56
13.01.2020;32,56
14.01.2020;32,56
15.01.2020;32,56
16.01.2020;32,55
17.01.2020;32,56
18.01.2020;32,55
19.01.2020;32,55
20.01.2020;32,55
21.01.2020;32,55
22.01.2020;32,55
23.01.2020;32,55
24.01.2020;32,56
25.01.2020;32,56
26.01.2020;32,56
27.01.2020;32,57
28.01.2020;32,57
29.01.2020;32,56
30.01.2020;32,57
31.01.2020;32,56
01.02.2020;32,56
02.02.2020;32,56
03.02.2020;32,56
04.02.2020;32,56
05.02.2020;32,54
06.02.2020;32,56
07.02.2020;32,56
08.02.2020;32,56
09.02.2020;32,57
10.02.2020;32,57
11.02.2020;32,55
12.02.2020;32,56
13.02.2020;32,55
14.02.2020;32,55
15.02.2020;32,56
16.02.2020;32,56
17.02.2020;32,55
18.02.2020;32,55
19.02.2020;32,56
20.02.2020;32,56
21.02.2020;32,54
22.02.2020;32,56
23.02.2020;32,55
24.02.2020;32,55
25.02.2020;32,57
26.02.2020;32,56
27.02.2020;32,56
28.02.2020;32,55
29.02.2020;32,57
01.03.2020;32,56
02.03.2020;32,56
03.03.2020;32,55
04.03.2020;32,55
05.03.2020;32,56
06.03.2020;32,56
07.03.2020;32,55
08.03.2020;32,56
09.03.2020;32,56
10.03.2020;32,56
11.03.2020;32,55
12.03.2020;32,57
13.03.2020;32,56
14.03.2020;32,56
15.03.2020;32,56
16.03.2020;32,55
17.03.2020;32,55
18.03.2020;32,56
19.03.2020;32,56
20.03.2020;32,56
21.03.2020;32,56
22.03.2020;32,55
23.03.2020;32,55
24.03.2020;32,56
25.03.2020;32,56
26.03.2020;32,56
27.03.2020;32,56
28.03.2020;32,56
29.03.2020;32,56
30.03.2020;32,56
31.03.2020;32,56
01.04.2020;32,57
02.04.2020;32,56
03.04.2020;32,55
04.04.2020;32,55
05.04.2020;32,56
06.04.2020;32,56
07.04.2020;32,55
08.04.2020;32,56
09.04.2020;32,56
10.04.2020;32,56
11.04.2020;32,56
12.04.2020;32,56
13.04.2020;32,55
14.04.2020;32,55
15.04.2020;32,55
16.04.2020;32,56
17.04.2020;32,55
18.04.2020;32,55
19.04.2020;32,55
20.04.2020;32,54
21.04.2020;32,54
22.04.2020;32,54
23.04.2020;32,54
24.04.2020;32,55
25.04.2020;32,54
26.04.2020;32,55
27.04.2020;32,55
28.04.2020;32,55
29.04.2020;32,54
30.04.2020;32,55
01.05.2020;32,55
02.05.2020;32,55
03.05.2020;32,54
04.05.2020;32,55
05.05.2020;32,54
06.05.2020;32,54
07.05.2020;32,54
08.05.2020;32,55
09.05.2020;32,55
10.05.2020;32,55
11.05.2020;32,55
12.05.2020;32,54
13.05.2020;32,55
14.05.2020;32,54
15.05.2020;32,56
16.05.2020;32,55
17.05.2020;32,55
18.05.2020;32,55
19.05.2020;32,55
20.05.2020;32,54
21.05.2020;32,54
22.05.2020;32,54
23.05.2020;32,54
24.05.2020;32,54
25.05.2020;32,54
26.05.2020;32,53
27.05.2020;32,53
28.05.2020;32,53
29.05.2020;32,53
30.05.2020;32,53
31.05.2020;32,53
01.06.2020;32,53
02.06.2020;32,53
03.06.2020;32,53
04.06.2020;32,53
05.06.2020;32,52
06.06.2020;32,52
07.06.2020;32,52
08.06.2020;32,52
09.06.2020;32,52
10.06.2020;32,52
11.06.2020;32,51
12.06.2020;32,51
13.06.2020;32,52
14.06.2020;32,53
15.06.2020;32,54
16.06.2020;32,53
17.06.2020;32,53
18.06.2020;32,52
19.06.2020;32,52
20.06.2020;32,51
21.06.2020;32,52
22.06.2020;32,52
23.06.2020;32,51
24.06.2020;32,51
25.06.2020;32,51
26.06.2020;32,51
27.06.2020;32,51
28.06.2020;32,51
29.06.2020;32,51
30.06.2020;32,51
01.07.2020;32,51
02.07.2020;32,51
03.07.2020;32,51
04.07.2020;32,51
05.07.2020;32,52
06.07.2020;32,51
07.07.2020;32,51
08.07.2020;32,51
09.07.2020;32,51
10.07.2020;32,52
11.07.2020;32,51
12.07.2020;32,52
13.07.2020;32,52
14.07.2020;32,52
15.07.2020;32,52
16.07.2020;32,52
17.07.2020;32,51
18.07.2020;32,51
19.07.2020;32,52
20.07.2020;32,52
21.07.2020;32,51
22.07.2020;32,52
23.07.2020;32,51
24.07.2020;32,52
25.07.2020;32,51
26.07.2020;32,52
27.07.2020;32,51
28.07.2020;32,52
29.07.2020;32,51
30.07.2020;32,50
31.07.2020;32,50
01.08.2020;32,51
02.08.2020;32,51
03.08.2020;32,50
04.08.2020;32,50
05.08.2020;32,50
06.08.2020;32,50
07.08.2020;32,50
08.08.2020;32,50
09.08.2020;32,50
10.08.2020;32,49
11.08.2020;32,50
12.08.2020;32,50
13.08.2020;32,49
14.08.2020;32,49
15.08.2020;32,49
16.08.2020;32,49
17.08.2020;32,49
18.08.2020;32,49
19.08.2020;32,49
20.08.2020;32,49
21.08.2020;32,49
22.08.2020;32,48
23.08.2020;32,50
24.08.2020;32,50
25.08.2020;32,50
26.08.2020;32,51
27.08.2020;32,50
28.08.2020;32,52
29.08.2020;32,51
30.08.2020;32,51
31.08.2020;32,51
01.09.2020;32,51
02.09.2020;32,51
03.09.2020;32,51
04.09.2020;32,51
05.09.2020;32,51
06.09.2020;32,52
07.09.2020;32,52
08.09.2020;32,52
09.09.2020;32,53
10.09.2020;32,52
11.09.2020;32,52
12.09.2020;32,51
13.09.2020;32,51
14.09.2020;32,51
15.09.2020;32,51
16.09.2020;32,52
17.09.2020;32,50
18.09.2020;32,51
19.09.2020;32,51
20.09.2020;32,51
21.09.2020;32,51
22.09.2020;32,51
23.09.2020;32,51
24.09.2020;32,51
25.09.2020;32,52
26.09.2020;32,51
27.09.2020;32,52
28.09.2020;32,51
29.09.2020;32,51
30.09.2020;32,51
01.10.2020;32,51
02.10.2020;32,52
03.10.2020;32,52
04.10.2020;32,52
05.10.2020;32,52
06.10.2020;32,52
07.10.2020;32,51
08.10.2020;32,51
09.10.2020;32,51
10.10.2020;32,52
11.10.2020;32,52
12.10.2020;32,52
13.10.2020;32,52
14.10.2020;32,52
15.10.2020;32,52
16.10.2020;32,52
17.10.2020;32,53
18.10.2020;32,53
19.10.2020;32,53
20.10.2020;32,53
21.10.2020;32,52
22.10.2020;32,52
23.10.2020;32,52
24.10.2020;32,52
25.10.2020;32,54
26.10.2020;32,53
27.10.2020;32,53
28.10.2020;32,53
29.10.2020;32,53
30.10.2020;32,54
31.10.2020;32,54
01.11.2020;32,54
02.11.2020;32,54
03.11.2020;32,53
04.11.2020;32,53
05.11.2020;32,52
06.11.2020;32,53
07.11.2020;32,53
08.11.2020;32,53
09.11.2020;32,53
10.11.2020;32,52
11.11.2020;32,53
12.11.2020;32,53
13.11.2020;32,53
14.11.2020;32,53
15.11.2020;32,54
16.11.2020;32,54
17.11.2020;32,54
18.11.2020;32,54
19.11.2020;32,54
20.11.2020;32,53
21.11.2020;32,53
22.11.2020;32,54
23.11.2020;32,53
24.11.2020;32,53
25.11.2020;32,53
26.11.2020;32,53
27.11.2020;32,53
28.11.2020;32,53
29.11.2020;32,53
30.11.2020;32,53
01.12.2020;32,53
02.12.2020;32,53
03.12.2020;32,54
04.12.2020;32,54
05.12.2020;32,53
06.12.2020;32,54
07.12.2020;32,53
08.12.2020;32,53
09.12.2020;32,53
10.12.2020;32,53
11.12.2020;32,53
12.12.2020;32,53
13.12.2020;32,53
14.12.2020;32,53
15.12.2020;32,53
16.12.2020;32,52
17.12.2020;32,52
18.12.2020;32,52
19.12.2020;32,53
20.12.2020;32,53
21.12.2020;32,53
22.12.2020;32,54
23.12.2020;32,53
24.12.2020;32,53
25.12.2020;32,52
26.12.2020;32,53
27.12.2020;32,55
28.12.2020;32,55
29.12.2020;32,54
30.12.2020;32,53
31.12.2020;32,53
01.01.2021;32,54
02.01.2021;32,53
03.01.2021;32,54
04.01.2021;32,54
05.01.2021;32,53
06.01.2021;32,53
07.01.2021;32,53
08.01.2021;32,53
09.01.2021;32,53
10.01.2021;32,53
11.01.2021;32,54
12.01.2021;32,54
13.01.2021;32,53
14.01.2021;32,52
15.01.2021;32,53
16.01.2021;32,53
17.01.2021;32,53
18.01.2021;32,53
19.01.2021;32,53
20.01.2021;32,53
21.01.2021;32,53
22.01.2021;32,54
23.01.2021;32,53
24.01.2021;32,53
25.01.2021;32,53
26.01.2021;32,52
27.01.2021;32,51
28.01.2021;32,51
29.01.2021;32,52
30.01.2021;32,50
31.01.2021;32,51
01.02.2021;32,51
02.02.2021;32,51
03.02.2021;32,51
04.02.2021;32,50
05.02.2021;32,51
06.02.2021;32,51
07.02.2021;32,52
08.02.2021;32,52
09.02.2021;32,51
10.02.2021;32,51
11.02.2021;32,50
12.02.2021;32,50
13.02.2021;32,50
14.02.2021;32,51
15.02.2021;32,51
16.02.2021;32,52
17.02.2021;32,51
18.02.2021;32,51
19.02.2021;32,51
20.02.2021;32,51
21.02.2021;32,51
22.02.2021;32,51
23.02.2021;32,51
24.02.2021;32,51
25.02.2021;32,51
26.02.2021;32,50
27.02.2021;32,50
28.02.2021;32,51
01.03.2021;32,51
02.03.2021;32,51
03.03.2021;32,51
04.03.2021;32,51
05.03.2021;32,50
06.03.2021;32,51
07.03.2021;32,52
08.03.2021;32,52
09.03.2021;32,52
10.03.2021;32,52
11.03.2021;32,54
12.03.2021;32,51
13.03.2021;32,52
14.03.2021;32,52
15.03.2021;32,52
16.03.2021;32,51
17.03.2021;32,51
18.03.2021;32,51
19.03.2021;32,51
20.03.2021;32,51
21.03.2021;32,52
22.03.2021;32,51
23.03.2021;32,51
24.03.2021;32,51
25.03.2021;32,51
26.03.2021;32,51
27.03.2021;32,52
28.03.2021;32,51
29.03.2021;32,51
30.03.2021;32,51
31.03.2021;32,51
01.04.2021;32,51
02.04.2021;32,50
03.04.2021;32,51
04.04.2021;32,52
05.04.2021;32,54
06.04.2021;32,52
07.04.2021;32,51
08.04.2021;32,50
09.04.2021;32,52
10.04.2021;32,51
11.04.2021;32,52
12.04.2021;32,51
13.04.2021;32,51
14.04.2021;32,51
15.04.2021;32,50
16.04.2021;32,51
17.04.2021;32,51
18.04.2021;32,51
19.04.2021;32,52
20.04.2021;32,52
21.04.2021;32,52
22.04.2021;32,51
23.04.2021;32,51
24.04.2021;32,51
25.04.2021;32,51
26.04.2021;32,51
27.04.2021;32,51
28.04.2021;32,51
29.04.2021;32,51
30.04.2021;32,50
01.05.2021;32,51
02.05.2021;32,51
03.05.2021;32,51
04.05.2021;32,53
05.05.2021;32,52
06.05.2021;32,52
07.05.2021;32,52
08.05.2021;32,51
09.05.2021;32,52
10.05.2021;32,51
11.05.2021;32,52
12.05.2021;32,51
13.05.2021;32,51
14.05.2021;32,51
15.05.2021;32,51
16.05.2021;32,51
17.05.2021;32,51
18.05.2021;32,51
19.05.2021;32,50
20.05.2021;32,50
21.05.2021;32,51
22.05.2021;32,50
23.05.2021;32,50
24.05.2021;32,50
25.05.2021;32,50
26.05.2021;32,50
27.05.2021;32,49
28.05.2021;32,49
29.05.2021;32,49
30.05.2021;32,50
31.05.2021;32,50
01.06.2021;32,50
02.06.2021;32,50
03.06.2021;32,50
04.06.2021;32,49
05.06.2021;32,49
06.06.2021;32,49
07.06.2021;32,49
08.06.2021;32,48
09.06.2021;32,48
10.06.2021;32,48
11.06.2021;32,48
12.06.2021;32,47
13.06.2021;32,47
14.06.2021;32,48
15.06.2021;32,47
16.06.2021;32,47
17.06.2021;32,47
18.06.2021;32,47
19.06.2021;32,47
20.06.2021;32,47
21.06.2021;32,47
22.06.2021;32,46
23.06.2021;32,46
24.06.2021;32,46
25.06.2021;32,46
26.06.2021;32,46
27.06.2021;32,47
28.06.2021;32,47
29.06.2021;32,46
30.06.2021;32,47
01.07.2021;32,49
02.07.2021;32,48
03.07.2021;32,49
04.07.2021;32,48
05.07.2021;32,48
06.07.2021;32,49
07.07.2021;32,49
08.07.2021;32,49
09.07.2021;32,49
10.07.2021;32,49
11.07.2021;32,49
12.07.2021;32,49
13.07.2021;32,49
14.07.2021;32,49
15.07.2021;32,49
16.07.2021;32,49
17.07.2021;32,49
18.07.2021;32,49
19.07.2021;32,49
20.07.2021;32,49
21.07.2021;32,49
22.07.2021;32,49
23.07.2021;32,49
24.07.2021;32,49
25.07.2021;32,49
26.07.2021;32,49
27.07.2021;32,49
28.07.2021;32,49
29.07.2021;32,49
30.07.2021;32,49
31.07.2021;32,48
01.08.2021;32,49
02.08.2021;32,48
03.08.2021;32,48
04.08.2021;32,48
05.08.2021;32,48
06.08.2021;32,48
07.08.2021;32,48
08.08.2021;32,48
09.08.2021;32,48
10.08.2021;32,48
11.08.2021;32,48
12.08.2021;32,49
13.08.2021;32,48
14.08.2021;32,47
15.08.2021;32,47
16.08.2021;32,48
17.08.2021;32,47
18.08.2021;32,51
19.08.2021;32,51
20.08.2021;32,51
21.08.2021;32,51
22.08.2021;32,52
23.08.2021;32,52
24.08.2021;32,52
25.08.2021;32,53
26.08.2021;32,53
27.08.2021;32,54
28.08.2021;32,54
29.08.2021;32,54
30.08.2021;32,55
31.08.2021;32,54
01.09.2021;32,54
02.09.2021;32,54
03.09.2021;32,54
04.09.2021;32,53
05.09.2021;32,54
06.09.2021;32,54
07.09.2021;32,53
08.09.2021;32,53
09.09.2021;32,54
10.09.2021;32,53
11.09.2021;32,54
12.09.2021;32,54
13.09.2021;32,54
14.09.2021;32,54
15.09.2021;32,54
16.09.2021;32,54
17.09.2021;32,54
18.09.2021;32,54
19.09.2021;32,54
20.09.2021;32,54
21.09.2021;32,53
22.09.2021;32,54
23.09.2021;32,54
24.09.2021;32,53
25.09.2021;32,54
26.09.2021;32,54
27.09.2021;32,54
28.09.2021;32,53
29.09.2021;32,54
30.09.2021;32,53
01.10.2021;32,54
02.10.2021;32,54
03.10.2021;32,54
04.10.2021;32,53
05.10.2021;32,54
06.10.2021;32,53
07.10.2021;32,53
08.10.2021;32,53
09.10.2021;32,53
10.10.2021;32,54
11.10.2021;32,54
12.10.2021;32,54
13.10.2021;32,53
14.10.2021;32,54
15.10.2021;32,55
16.10.2021;32,54
17.10.2021;32,55
18.10.2021;32,53
19.10.2021;32,54
20.10.2021;32,54
21.10.2021;32,54
22.10.2021;32,53
23.10.2021;32,52
24.10.2021;32,52
25.10.2021;32,52
26.10.2021;32,52
27.10.2021;32,52
28.10.2021;32,52
29.10.2021;32,52
30.10.2021;32,52
31.10.2021;32,52
01.11.2021;32,53
02.11.2021;32,53
03.11.2021;32,53
04.11.2021;32,53
05.11.2021;32,52
06.11.2021;32,53
07.11.2021;32,55
08.11.2021;32,53
09.11.2021;32,53
10.11.2021;32,53
11.11.2021;32,52
12.11.2021;32,52
13.11.2021;32,52
14.11.2021;32,52
15.11.2021;32,53
16.11.2021;32,53
17.11.2021;32,53
18.11.2021;32,52
19.11.2021;32,52
20.11.2021;32,52
21.11.2021;32,54
22.11.2021;32,52
23.11.2021;32,52
24.11.2021;32,52
25.11.2021;32,53
26.11.2021;32,53
27.11.2021;32,53
28.11.2021;32,54
29.11.2021;32,55
30.11.2021;32,54
01.12.2021;32,54
02.12.2021;32,52
03.12.2021;32,53
04.12.2021;32,54
05.12.2021;32,53
06.12.2021;32,53
07.12.2021;32,53
08.12.2021;32,54
09.12.2021;32,54
10.12.2021;32,54
11.12.2021;32,53
12.12.2021;32,53
13.12.2021;32,53
14.12.2021;32,53
15.12.2021;32,53
16.12.2021;32,53
17.12.2021;32,52
18.12.2021;32,53
19.12.2021;32,53
20.12.2021;32,53
21.12.2021;32,53
22.12.2021;32,53
23.12.2021;32,54
24.12.2021;32,54
25.12.2021;32,53
26.12.2021;32,54
27.12.2021;32,54
28.12.2021;32,54
29.12.2021;32,53
30.12.2021;32,53
31.12.2021;32,54
01.01.2022;32,54
02.01.2022;32,55
03.01.2022;32,54
04.01.2022;32,55
05.01.2022;32,54
06.01.2022;32,52
07.01.2022;32,53
08.01.2022;32,53
09.01.2022;32,54
10.01.2022;32,52
11.01.2022;32,52
12.01.2022;32,52
13.01.2022;32,51
14.01.2022;32,52
15.01.2022;32,52
16.01.2022;32,53
17.01.2022;32,53
18.01.2022;32,52
19.01.2022;32,53
20.01.2022;32,52
21.01.2022;32,52
22.01.2022;32,52
23.01.2022;32,52
24.01.2022;32,52
25.01.2022;32,53
26.01.2022;32,53
27.01.2022;32,53
28.01.2022;32,51
29.01.2022;32,54
30.01.2022;32,51
31.01.2022;32,54
01.02.2022;32,52
02.02.2022;32,51
03.02.2022;32,52
04.02.2022;32,52
05.02.2022;32,52
06.02.2022;32,53
07.02.2022;32,51
08.02.2022;32,53
09.02.2022;32,52
10.02.2022;32,53
11.02.2022;32,53
12.02.2022;32,52
13.02.2022;32,53
14.02.2022;32,53
15.02.2022;32,52
16.02.2022;32,53
17.02.2022;32,52
18.02.2022;32,53
19.02.2022;32,51
20.02.2022;32,53
21.02.2022;32,54
22.02.2022;32,52
23.02.2022;32,52
24.02.2022;32,54
25.02.2022;32,53
26.02.2022;32,52
27.02.2022;32,52
28.02.2022;32,53
01.03.2022;32,53
02.03.2022;32,53
03.03.2022;32,52
04.03.2022;32,52
05.03.2022;32,52
06.03.2022;32,53
07.03.2022;32,53
08.03.2022;32,52
09.03.2022;32,53
10.03.2022;32,52
11.03.2022;32,53
12.03.2022;32,53
13.03.2022;32,53
14.03.2022;32,52
15.03.2022;32,52
16.03.2022;32,52
17.03.2022;32,53
18.03.2022;32,52
19.03.2022;32,52
20.03.2022;32,52
21.03.2022;32,53
22.03.2022;32,53
23.03.2022;32,53
24.03.2022;32,53
25.03.2022;32,53
26.03.2022;32,53
27.03.2022;32,53
28.03.2022;32,54
29.03.2022;32,53
30.03.2022;32,53
31.03.2022;32,53
01.04.2022;32,53
02.04.2022;32,52
03.04.2022;32,52
04.04.2022;32,53
05.04.2022;32,53
06.04.2022;32,54
07.04.2022;32,55
08.04.2022;32,53
09.04.2022;32,53
10.04.2022;32,52
11.04.2022;32,52
12.04.2022;32,52
13.04.2022;32,53
14.04.2022;32,52
15.04.2022;32,52
16.04.2022;32,52
17.04.2022;32,52
18.04.2022;32,52
19.04.2022;32,52
20.04.2022;32,52
21.04.2022;32,53
22.04.2022;32,53
23.04.2022;32,53
24.04.2022;32,53
25.04.2022;32,52
26.04.2022;32,52
27.04.2022;32,52
28.04.2022;32,52
29.04.2022;32,52
30.04.2022;32,52
01.05.2022;32,52
02.05.2022;32,52
03.05.2022;32,51
04.05.2022;32,52
05.05.2022;32,51
06.05.2022;32,51
07.05.2022;32,52
08.05.2022;32,52
09.05.2022;32,53
10.05.2022;32,52
11.05.2022;32,52
12.05.2022;32,51
13.05.2022;32,52
14.05.2022;32,51
15.05.2022;32,51
16.05.2022;32,51
17.05.2022;32,51
18.05.2022;32,51
19.05.2022;32,51
20.05.2022;32,50
21.05.2022;32,50
22.05.2022;32,51
23.05.2022;32,52
24.05.2022;32,51
25.05.2022;32,51
26.05.2022;32,51
27.05.2022;32,51
28.05.2022;32,50
29.05.2022;32,51
30.05.2022;32,51
31.05.2022;32,51
01.06.2022;32,51
02.06.2022;32,51
03.06.2022;32,51
04.06.2022;32,50
05.06.2022;32,51
06.06.2022;32,50
07.06.2022;32,50
08.06.2022;32,51
09.06.2022;32,50
10.06.2022;32,50
11.06.2022;32,50
12.06.2022;32,50
13.06.2022;32,50
14.06.2022;32,49
15.06.2022;32,49
16.06.2022;32,49
17.06.2022;32,48
18.06.2022;32,49
19.06.2022;32,49
20.06.2022;32,48
21.06.2022;32,48
22.06.2022;32,48
23.06.2022;32,48
24.06.2022;32,49
25.06.2022;32,48
26.06.2022;32,48
27.06.2022;32,48
28.06.2022;32,47
29.06.2022;32,48
30.06.2022;32,48
01.07.2022;32,47
02.07.2022;32,47
03.07.2022;32,48
04.07.2022;32,48
05.07.2022;32,47
06.07.2022;32,47
07.07.2022;32,47
08.07.2022;32,48
09.07.2022;32,49
10.07.2022;32,49
11.07.2022;32,49
12.07.2022;32,49
13.07.2022;32,49
14.07.2022;32,49
15.07.2022;32,48
16.07.2022;32,49
17.07.2022;32,48
18.07.2022;32,49
19.07.2022;32,49
20.07.2022;32,48
21.07.2022;32,48
22.07.2022;32,48
23.07.2022;32,48
24.07.2022;32,48
25.07.2022;32,49
26.07.2022;32,48
27.07.2022;32,48
28.07.2022;32,48
29.07.2022;32,49
30.07.2022;32,48
31.07.2022;32,48
01.08.2022;32,48
02.08.2022;32,47
03.08.2022;32,48
04.08.2022;32,48
05.08.2022;32,48
06.08.2022;32,47
07.08.2022;32,47
08.08.2022;32,47
09.08.2022;32,47
10.08.2022;32,47
11.08.2022;32,47
12.08.2022;32,47
13.08.2022;32,47
14.08.2022;32,47
15.08.2022;32,47
16.08.2022;32,48
17.08.2022;32,47
18.08.2022;32,47
19.08.2022;32,48
20.08.2022;32,48
21.08.2022;32,49
22.08.2022;32,49
23.08.2022;32,49
24.08.2022;32,48
25.08.2022;32,49
26.08.2022;32,48
27.08.2022;32,49
28.08.2022;32,49
29.08.2022;32,50
30.08.2022;32,50
31.08.2022;32,50
01.09.2022;32,50
02.09.2022;32,51
03.09.2022;32,52
04.09.2022;32,51
05.09.2022;32,52
06.09.2022;32,51
07.09.2022;32,50
08.09.2022;32,50
09.09.2022;32,50
10.09.2022;32,50
11.09.2022;32,50
12.09.2022;32,51
13.09.2022;32,52
14.09.2022;32,52
15.09.2022;32,51
16.09.2022;32,52
17.09.2022;32,52
18.09.2022;32,52
19.09.2022;32,52
20.09.2022;32,51
21.09.2022;32,51
22.09.2022;32,51
23.09.2022;32,51
24.09.2022;32,52
25.09.2022;32,52
26.09.2022;32,53
27.09.2022;32,53
28.09.2022;32,53
29.09.2022;32,53
30.09.2022;32,52
01.10.2022;32,53
02.10.2022;32,52
03.10.2022;32,52
04.10.2022;32,52
05.10.2022;32,52
06.10.2022;32,51
07.10.2022;32,52
08.10.2022;32,52
09.10.2022;32,51
10.10.2022;32,52
11.10.2022;32,51
12.10.2022;32,52
13.10.2022;32,52
14.10.2022;32,52
15.10.2022;32,53
16.10.2022;32,52
17.10.2022;32,52
18.10.2022;32,52
19.10.2022;32,52
20.10.2022;32,53
21.10.2022;32,54
22.10.2022;32,53
23.10.2022;32,53
24.10.2022;32,54
25.10.2022;32,53
26.10.2022;32,53
27.10.2022;32,53
28.10.2022;32,53
29.10.2022;32,53
30.10.2022;32,54
31.10.2022;32,53
01.11.2022;32,53
02.11.2022;32,53
03.11.2022;32,53
04.11.2022;32,53
05.11.2022;32,53
06.11.2022;32,53
07.11.2022;32,53
08.11.2022;32,53
09.11.2022;32,53
10.11.2022;32,52
11.11.2022;32,52
12.11.2022;32,53
13.11.2022;32,53
14.11.2022;32,53
15.11.2022;32,53
16.11.2022;32,53
17.11.2022;32,53
18.11.2022;32,52
19.11.2022;32,52
20.11.2022;32,53
21.11.2022;32,54
22.11.2022;32,54
23.11.2022;32,54
24.11.2022;32,53
25.11.2022;32,53
26.11.2022;32,52
27.11.2022;32,53
28.11.2022;32,54
29.11.2022;32,53
30.11.2022;32,53
01.12.2022;32,53
02.12.2022;32,54
03.12.2022;32,54
04.12.2022;32,54
05.12.2022;32,54
06.12.2022;32,54
07.12.2022;32,54
08.12.2022;32,54
09.12.2022;32,53
10.12.2022;32,53
11.12.2022;32,54
12.12.2022;32,53
13.12.2022;32,53
14.12.2022;32,54
15.12.2022;32,53
16.12.2022;32,53
17.12.2022;32,52
18.12.2022;32,52
19.12.2022;32,53
20.12.2022;32,53
21.12.2022;32,53
22.12.2022;32,54
23.12.2022;32,53
24.12.2022;32,53
25.12.2022;32,53
26.12.2022;32,54
27.12.2022;32,54
28.12.2022;32,54
29.12.2022;32,54
30.12.2022;32,52
31.12.2022;32,53
01.01.2023;32,53
02.01.2023;32,53
03.01.2023;32,51
04.01.2023;32,53
05.01.2023;32,52
06.01.2023;32,53
07.01.2023;32,52
08.01.2023;32,53
09.01.2023;32,54
10.01.2023;32,52
11.01.2023;32,53
12.01.2023;32,53
13.01.2023;32,52
14.01.2023;32,52
15.01.2023;32,53
16.01.2023;32,54
17.01.2023;32,53
18.01.2023;32,52
19.01.2023;32,53
20.01.2023;32,52
21.01.2023;32,52
22.01.2023;32,52
23.01.2023;32,52
24.01.2023;32,52
25.01.2023;32,52
26.01.2023;32,53
27.01.2023;32,53
28.01.2023;32,53
29.01.2023;32,53
30.01.2023;32,54
31.01.2023;32,52
01.02.2023;32,53
02.02.2023;32,52
03.02.2023;32,54
04.02.2023;32,51
05.02.2023;32,52
06.02.2023;32,52
07.02.2023;32,52
08.02.2023;32,52
09.02.2023;32,53
10.02.2023;32,53
11.02.2023;32,53
12.02.2023;32,53
13.02.2023;32,53
14.02.2023;32,53
15.02.2023;32,53
16.02.2023;32,53
17.02.2023;32,53
18.02.2023;32,53
19.02.2023;32,54
20.02.2023;32,53
21.02.2023;32,53
22.02.2023;32,53
23.02.2023;32,53
24.02.2023;32,53
25.02.2023;32,53
26.02.2023;32,53
27.02.2023;32,53
28.02.2023;32,52
01.03.2023;32,53
02.03.2023;32,53
03.03.2023;32,53
04.03.2023;32,54
05.03.2023;32,54
06.03.2023;32,54
07.03.2023;32,55
08.03.2023;32,54
09.03.2023;32,54
10.03.2023;32,56
11.03.2023;32,54
12.03.2023;32,54
13.03.2023;32,55
14.03.2023;32,55
15.03.2023;32,54
16.03.2023;32,54
17.03.2023;32,54
18.03.2023;32,54
19.03.2023;32,54
20.03.2023;32,54
21.03.2023;32,51
22.03.2023;32,51
23.03.2023;32,51
24.03.2023;32,52
25.03.2023;32,51
26.03.2023;32,52
27.03.2023;32,51
28.03.2023;32,50
29.03.2023;32,51
30.03.2023;32,52
31.03.2023;32,52
01.04.2023;32,52
02.04.2023;32,51
03.04.2023;32,51
04.04.2023;32,51
05.04.2023;32,52
06.04.2023;32,51
07.04.2023;32,52
08.04.2023;32,52
09.04.2023;32,52
10.04.2023;32,52
11.04.2023;32,53
12.04.2023;32,53
13.04.2023;32,53
14.04.2023;32,52
15.04.2023;32,52
16.04.2023;32,52
17.04.2023;32,52
18.04.2023;32,52
19.04.2023;32,52
20.04.2023;32,52
21.04.2023;32,52
22.04.2023;32,52
23.04.2023;32,52
24.04.2023;32,52
25.04.2023;32,51
26.04.2023;32,51
27.04.2023;32,51
28.04.2023;32,52
29.04.2023;32,52
30.04.2023;32,52
01.05.2023;32,53
02.05.2023;32,52
03.05.2023;32,51
04.05.2023;32,56
05.05.2023;32,56
06.05.2023;32,56
07.05.2023;32,56
08.05.2023;32,56
09.05.2023;32,57
10.05.2023;32,56
11.05.2023;32,57
12.05.2023;32,56
13.05.2023;32,56
14.05.2023;32,56
15.05.2023;32,57
16.05.2023;32,56
17.05.2023;32,56
18.05.2023;32,56
19.05.2023;32,56
20.05.2023;32,56
21.05.2023;32,56
22.05.2023;32,54
23.05.2023;32,54
24.05.2023;32,53
25.05.2023;32,53
26.05.2023;32,53
27.05.2023;32,53
28.05.2023;32,53
29.05.2023;32,53
30.05.2023;32,53
31.05.2023;32,53
01.06.2023;32,52
02.06.2023;32,52
03.06.2023;32,52
04.06.2023;32,52
05.06.2023;32,52
06.06.2023;32,51
07.06.2023;32,51
08.06.2023;32,51
09.06.2023;32,50
10.06.2023;32,50
11.06.2023;32,50
12.06.2023;32,50
13.06.2023;32,50
14.06.2023;32,49
15.06.2023;32,49
16.06.2023;32,50
17.06.2023;32,51
18.06.2023;32,51
19.06.2023;32,52
20.06.2023;32,51
21.06.2023;32,52
22.06.2023;32,52
23.06.2023;32,53
24.06.2023;32,53
25.06.2023;32,52
26.06.2023;32,52
27.06.2023;32,53
28.06.2023;32,53
29.06.2023;32,53
30.06.2023;32,53
01.07.2023;32,53
02.07.2023;32,52
03.07.2023;32,53
04.07.2023;32,53
05.07.2023;32,54
06.07.2023;32,52
07.07.2023;32,52
08.07.2023;32,52
09.07.2023;32,52
10.07.2023;32,51
11.07.2023;32,51
12.07.2023;32,51
13.07.2023;32,51
14.07.2023;32,51
15.07.2023;32,51
16.07.2023;32,51
17.07.2023;32,51
18.07.2023;32,50
19.07.2023;32,50
20.07.2023;32,50
21.07.2023;32,50
22.07.2023;32,50
23.07.2023;32,51
24.07.2023;32,51
25.07.2023;32,51
26.07.2023;32,51
27.07.2023;32,52
28.07.2023;32,52
29.07.2023;32,53
30.07.2023;32,54
31.07.2023;32,54
01.08.2023;32,54
02.08.2023;32,54
03.08.2023;32,54
04.08.2023;32,53
05.08.2023;32,53
06.08.2023;32,54
07.08.2023;32,53
08.08.2023;32,54
09.08.2023;32,54
10.08.2023;32,53
11.08.2023;32,54
12.08.2023;32,54
13.08.2023;32,54
14.08.2023;32,54
15.08.2023;32,55
16.08.2023;32,53
17.08.2023;32,53
18.08.2023;32,54
19.08.2023;32,54
20.08.2023;32,53
21.08.2023;32,53
22.08.2023;32,53
23.08.2023;32,53
24.08.2023;32,53
25.08.2023;32,53
26.08.2023;32,52
27.08.2023;32,52
28.08.2023;32,52
29.08.2023;32,52
30.08.2023;32,52
31.08.2023;32,53
01.09.2023;32,53
02.09.2023;32,53
03.09.2023;32,53
04.09.2023;32,53
05.09.2023;32,54
06.09.2023;32,53
07.09.2023;32,53
08.09.2023;32,53
09.09.2023;32,53
10.09.2023;32,52
11.09.2023;32,53
12.09.2023;32,53
13.09.2023;32,52
14.09.2023;32,52
15.09.2023;32,53
16.09.2023;32,52
17.09.2023;32,52
18.09.2023;32,53
19.09.2023;32,52
20.09.2023;32,52
21.09.2023;32,52
22.09.2023;32,52
23.09.2023;32,52
24.09.2023;32,51
25.09.2023;32,52
26.09.2023;32,52
27.09.2023;32,53
28.09.2023;32,52
29.09.2023;32,53
30.09.2023;32,52
01.10.2023;32,53
02.10.2023;32,53
03.10.2023;32,54
04.10.2023;32,53
05.10.2023;32,54
06.10.2023;32,53
07.10.2023;32,53
08.10.2023;32,53
09.10.2023;32,54
10.10.2023;32,54
11.10.2023;32,54
12.10.2023;32,54
13.10.2023;32,54
14.10.2023;32,53
15.10.2023;32,53
16.10.2023;32,53
17.10.2023;32,53
18.10.2023;32,54
19.10.2023;32,54
20.10.2023;32,55
21.10.2023;32,54
22.10.2023;32,54
23.10.2023;32,54
24.10.2023;32,55
25.10.2023;32,55
26.10.2023;32,55
27.10.2023;32,55
28.10.2023;32,55
29.10.2023;32,56
30.10.2023;32,55
31.10.2023;32,55
01.11.2023;32,54
02.11.2023;32,55
03.11.2023;32,55
04.11.2023;32,54
05.11.2023;32,55
06.11.2023;32,54
07.11.2023;32,54
08.11.2023;32,54
09.11.2023;32,55
10.11.2023;32,54
11.11.2023;32,54
12.11.2023;32,55
13.11.2023;32,55
14.11.2023;32,55
15.11.2023;32,54
16.11.2023;32,55
17.11.2023;32,54
18.11.2023;32,54
19.11.2023;32,56
20.11.2023;32,56
21.11.2023;32,55
22.11.2023;32,56
23.11.2023;32,55
24.11.2023;32,55
25.11.2023;32,55
26.11.2023;32,55
27.11.2023;32,56
28.11.2023;32,55
29.11.2023;32,55
30.11.2023;32,54
01.12.2023;32,55
02.12.2023;32,55
03.12.2023;32,55
04.12.2023;32,56
05.12.2023;32,56
06.12.2023;32,56
07.12.2023;32,55
08.12.2023;32,55
09.12.2023;32,56
10.12.2023;32,56
11.12.2023;32,56
12.12.2023;32,56
13.12.2023;32,57
14.12.2023;32,56
15.12.2023;32,56
16.12.2023;32,55
17.12.2023;32,56
18.12.2023;32,55
19.12.2023;32,56
20.12.2023;32,56
21.12.2023;32,57
22.12.2023;32,56
23.12.2023;32,56
24.12.2023;32,57
25.12.2023;32,57
26.12.2023;32,58
27.12.2023;32,56
28.12.2023;32,56
29.12.2023;32,57
30.12.2023;32,56
31.12.2023;32,57
01.01.2024;32,57
02.01.2024;32,57
03.01.2024;32,57
04.01.2024;32,56
05.01.2024;32,56
06.01.2024;32,56
07.01.2024;32,55
08.01.2024;32,55
09.01.2024;32,55
10.01.2024;32,56
11.01.2024;32,57
12.01.2024;32,57
13.01.2024;32,58
14.01.2024;32,58
15.01.2024;32,58
16.01.2024;32,57
17.01.2024;32,58
18.01.2024;32,56
19.01.2024;32,56
20.01.2024;32,57
21.01.2024;32,58
22.01.2024;32,60
23.01.2024;32,58
24.01.2024;32,60
25.01.2024;32,57
26.01.2024;32,59
27.01.2024;32,58
28.01.2024;32,58
29.01.2024;32,58
30.01.2024;32,58
31.01.2024;32,58
01.02.2024;32,59
02.02.2024;32,59
03.02.2024;32,59
04.02.2024;32,60
05.02.2024;32,60
06.02.2024;32,60
07.02.2024;32,60
08.02.2024;32,60
09.02.2024;32,61
10.02.2024;32,60
11.02.2024;32,60
12.02.2024;32,59
13.02.2024;32,59
14.02.2024;32,60
15.02.2024;32,60
16.02.2024;32,60
17.02.2024;32,59
18.02.2024;32,59
19.02.2024;32,59
20.02.2024;32,59
21.02.2024;32,60
22.02.2024;32,60
23.02.2024;32,58
24.02.2024;32,60
25.02.2024;32,60
26.02.2024;32,60
27.02.2024;32,60
28.02.2024;32,60
29.02.2024;32,61
01.03.2024;32,61
02.03.2024;32,60
03.03.2024;32,61
04.03.2024;32,61
05.03.2024;32,61
06.03.2024;32,61
07.03.2024;32,62
08.03.2024;32,62
09.03.2024;32,62
10.03.2024;32,62
11.03.2024;32,62
12.03.2024;32,62
13.03.2024;32,63
14.03.2024;32,63
15.03.2024;32,64
16.03.2024;32,63
17.03.2024;32,63
18.03.2024;32,64
19.03.2024;32,63
20.03.2024;32,64
21.03.2024;32,64
22.03.2024;32,64
23.03.2024;32,65
24.03.2024;32,64
25.03.2024;32,64
26.03.2024;32,65
27.03.2024;32,65
28.03.2024;32,64
29.03.2024;32,64
30.03.2024;32,63
31.03.2024;32,64
01.04.2024;32,65
02.04.2024;32,64
03.04.2024;32,64
04.04.2024;32,64
05.04.2024;32,64
06.04.2024;32,64
07.04.2024;32,64
08.04.2024;32,64
09.04.2024;32,64
10.04.2024;32,63
11.04.2024;32,64
12.04.2024;32,64
13.04.2024;32,64
14.04.2024;32,64
15.04.2024;32,65
16.04.2024;32,65
17.04.2024;32,65
18.04.2024;32,64
19.04.2024;32,66
20.04.2024;32,64
21.04.2024;32,64
22.04.2024;32,64
23.04.2024;32,64
24.04.2024;32,66
25.04.2024;32,65
26.04.2024;32,65
27.04.2024;32,65
28.04.2024;32,65
29.04.2024;32,65
30.04.2024;32,66
01.05.2024;32,65
02.05.2024;32,65
03.05.2024;32,64
04.05.2024;32,64
05.05.2024;32,65
06.05.2024;32,64
07.05.2024;32,64
08.05.2024;32,64
09.05.2024;32,64
10.05.2024;32,64
11.05.2024;32,64
12.05.2024;32,63
13.05.2024;32,64
14.05.2024;32,63
15.05.2024;32,63
16.05.2024;32,63
17.05.2024;32,63
18.05.2024;32,62
19.05.2024;32,62
20.05.2024;32,62
21.05.2024;32,63
22.05.2024;32,63
23.05.2024;32,63
24.05.2024;32,63
25.05.2024;32,64
26.05.2024;32,64
27.05.2024;32,63
28.05.2024;32,63
29.05.2024;32,64
30.05.2024;32,64
31.05.2024;32,63
01.06.2024;32,62
02.06.2024;32,62
03.06.2024;32,61
04.06.2024;32,62
05.06.2024;32,62
06.06.2024;32,62
07.06.2024;32,61
08.06.2024;32,62
09.06.2024;32,62
10.06.2024;32,62
11.06.2024;32,61
12.06.2024;32,61
13.06.2024;32,61
14.06.2024;32,62
15.06.2024;32,62
16.06.2024;32,62
17.06.2024;32,62
18.06.2024;32,61
19.06.2024;32,61
20.06.2024;32,61
21.06.2024;32,62
22.06.2024;32,63
23.06.2024;32,63
24.06.2024;32,63
25.06.2024;32,63
26.06.2024;32,63
27.06.2024;32,62
28.06.2024;32,62
29.06.2024;32,63
30.06.2024;32,64
01.07.2024;32,62
02.07.2024;32,63
03.07.2024;32,63
04.07.2024;32,63
05.07.2024;32,63
06.07.2024;32,63
07.07.2024;32,62
08.07.2024;32,62
09.07.2024;32,62
10.07.2024;32,62
11.07.2024;32,63
12.07.2024;32,63
13.07.2024;32,62
14.07.2024;32,63
15.07.2024;32,62
16.07.2024;32,62
17.07.2024;32,61
18.07.2024;32,62
19.07.2024;32,62
20.07.2024;32,63
21.07.2024;32,63
22.07.2024;32,62
23.07.2024;32,62
24.07.2024;32,62
25.07.2024;32,62
26.07.2024;32,62
27.07.2024;32,61
28.07.2024;32,61
29.07.2024;32,61
30.07.2024;32,63
31.07.2024;32,62
01.08.2024;32,62
02.08.2024;32,62
03.08.2024;32,62
04.08.2024;32,63
05.08.2024;32,63
06.08.2024;32,62
07.08.2024;32,62
08.08.2024;32,61
09.08.2024;32,62
10.08.2024;32,61
11.08.2024;32,61
12.08.2024;32,62
13.08.2024;32,62
14.08.2024;32,61
15.08.2024;32,61
16.08.2024;32,61
17.08.2024;32,61
18.08.2024;32,61
19.08.2024;32,60
20.08.2024;32,61
21.08.2024;32,61
22.08.2024;32,61
23.08.2024;32,61
24.08.2024;32,60
25.08.2024;32,59
26.08.2024;32,60
27.08.2024;32,60
28.08.2024;32,60
29.08.2024;32,60
30.08.2024;32,59
31.08.2024;32,59
01.09.2024;32,60
02.09.2024;32,60
03.09.2024;32,60
04.09.2024;32,60
05.09.2024;32,60
06.09.2024;32,59
07.09.2024;32,59
08.09.2024;32,60
09.09.2024;32,60
10.09.2024;32,60
11.09.2024;32,61
12.09.2024;32,60
13.09.2024;32,60
14.09.2024;32,60
15.09.2024;32,61
16.09.2024;32,62
17.09.2024;32,61
18.09.2024;32,61
19.09.2024;32,61
20.09.2024;32,61
21.09.2024;32,61
22.09.2024;32,62
23.09.2024;32,62
24.09.2024;32,62
25.09.2024;32,62
26.09.2024;32,63
27.09.2024;32,62
28.09.2024;32,60
29.09.2024;32,61
30.09.2024;32,63
01.10.2024;32,63
02.10.2024;32,62
03.10.2024;32,61
04.10.2024;32,61
05.10.2024;32,61
06.10.2024;32,62
07.10.2024;32,62
08.10.2024;32,62
09.10.2024;32,63
10.10.2024;32,63
11.10.2024;32,61
12.10.2024;32,61
13.10.2024;32,62
14.10.2024;32,61
15.10.2024;32,61
16.10.2024;32,61
17.10.2024;32,61
18.10.2024;32,61
19.10.2024;32,61
20.10.2024;32,62
21.10.2024;32,62
22.10.2024;32,63
23.10.2024;32,61
24.10.2024;32,61
25.10.2024;32,61
26.10.2024;32,61
27.10.2024;32,61
28.10.2024;32,62
29.10.2024;32,61
30.10.2024;32,61
31.10.2024;32,61
01.11.2024;32,61
02.11.2024;32,61
03.11.2024;32,62
04.11.2024;32,62
05.11.2024;32,61
06.11.2024;32,61
07.11.2024;32,61
08.11.2024;32,61
09.11.2024;32,61
10.11.2024;32,61
11.11.2024;32,61
12.11.2024;32,61
13.11.2024;32,61
14.11.2024;32,62
15.11.2024;32,61
16.11.2024;32,62
17.11.2024;32,63
18.11.2024;32,62
19.11.2024;32,63
20.11.2024;32,62
21.11.2024;32,62
22.11.2024;32,62
23.11.2024;32,61
24.11.2024;32,63
25.11.2024;32,63
26.11.2024;32,61
27.11.2024;32,61
28.11.2024;32,62
29.11.2024;32,61
30.11.2024;32,61
01.12.2024;32,61
02.12.2024;32,62
03.12.2024;32,62
04.12.2024;32,61
05.12.2024;32,61
06.12.2024;32,63
07.12.2024;32,61
08.12.2024;32,61
09.12.2024;32,61
10.12.2024;32,60
11.12.2024;32,61
12.12.2024;32,61
13.12.2024;32,61
14.12.2024;32,61
15.12.2024;32,60
16.12.2024;32,60
17.12.2024;32,61
18.12.2024;32,61
19.12.2024;32,62
20.12.2024;32,59
21.12.2024;32,61
22.12.2024;32,62
23.12.2024;32,61
24.12.2024;32,60
25.12.2024;32,60
26.12.2024;32,60
27.12.2024;32,60
28.12.2024;32,60
29.12.2024;32,61
30.12.2024;32,61
31.12.2024;32,61
01.01.2025;32,62
02.01.2025;32,61
03.01.2025;32,61
04.01.2025;32,60
05.01.2025;32,61
06.01.2025;32,62
07.01.2025;32,61
08.01.2025;32,61
09.01.2025;32,61
10.01.2025;32,60
11.01.2025;32,60
12.01.2025;32,58
13.01.2025;32,59
14.01.2025;32,60
15.01.2025;32,59
16.01.2025;32,59
17.01.2025;32,59
18.01.2025;32,60
19.01.2025;32,60
20.01.2025;32,60
21.01.2025;32,60
22.01.2025;32,61
23.01.2025;32,61
24.01.2025;32,60
25.01.2025;32,61
26.01.2025;32,61
27.01.2025;32,61
28.01.2025;32,61
29.01.2025;32,61
30.01.2025;32,60
31.01.2025;32,59
01.02.2025;32,59
02.02.2025;32,60
03.02.2025;32,60
04.02.2025;32,60
05.02.2025;32,59
06.02.2025;32,59
07.02.2025;32,60
08.02.2025;32,60
09.02.2025;32,60
10.02.2025;32,60
11.02.2025;32,61
12.02.2025;32,61
13.02.2025;32,61
14.02.2025;32,60
15.02.2025;32,61
16.02.2025;32,60
17.02.2025;32,60
18.02.2025;32,60
19.02.2025;32,60
20.02.2025;32,60
21.02.2025;32,60
22.02.2025;32,60
23.02.2025;32,60
24.02.2025;32,61
25.02.2025;32,61
26.02.2025;32,61
27.02.2025;32,60
28.02.2025;32,60
01.03.2025;32,59
02.03.2025;32,60
03.03.2025;32,60
04.03.2025;32,60
05.03.2025;32,60
06.03.2025;32,60
07.03.2025;32,60
08.03.2025;32,60
09.03.2025;32,61
10.03.2025;32,61
11.03.2025;32,61
12.03.2025;32,61
13.03.2025;32,60
14.03.2025;32,59
15.03.2025;32,58
16.03.2025;32,59
17.03.2025;32,58
18.03.2025;32,59
19.03.2025;32,59
20.03.2025;32,59
21.03.2025;32,59
22.03.2025;32,59
23.03.2025;32,60
24.03.2025;32,59
25.03.2025;32,60
26.03.2025;32,60
27.03.2025;32,60
28.03.2025;32,60
29.03.2025;32,60
30.03.2025;32,61
31.03.2025;32,60
01.04.2025;32,59
02.04.2025;32,59
03.04.2025;32,59
04.04.2025;32,59
05.04.2025;32,58
06.04.2025;32,58
07.04.2025;32,59
08.04.2025;32,59
09.04.2025;32,59
10.04.2025;32,58
11.04.2025;32,58
12.04.2025;32,58
13.04.2025;32,59
14.04.2025;32,58
15.04.2025;32,59
16.04.2025;32,59
17.04.2025;32,60
18.04.2025;32,60
19.04.2025;32,61
20.04.2025;32,61
21.04.2025;32,60
22.04.2025;32,60
23.04.2025;32,60
24.04.2025;32,60
25.04.2025;32,59
26.04.2025;32,58
27.04.2025;32,59
28.04.2025;32,59
29.04.2025;32,59
30.04.2025;32,59
01.05.2025;32,59
02.05.2025;32,60
03.05.2025;32,60
04.05.2025;32,60
05.05.2025;32,59
06.05.2025;32,59
07.05.2025;32,59
08.05.2025;32,59
09.05.2025;32,59
10.05.2025;32,59
11.05.2025;32,59
12.05.2025;32,59
13.05.2025;32,59
14.05.2025;32,59
15.05.2025;32,58
16.05.2025;32,58
17.05.2025;32,59
18.05.2025;32,59
19.05.2025;32,58
20.05.2025;32,59
21.05.2025;32,59
22.05.2025;32,59
23.05.2025;32,59
24.05.2025;32,59
25.05.2025;32,59
26.05.2025;32,58
27.05.2025;32,58
28.05.2025;32,59
29.05.2025;32,58
30.05.2025;32,59
31.05.2025;32,59
01.06.2025;32,59
02.06.2025;32,58
03.06.2025;32,59
04.06.2025;32,59
05.06.2025;32,58
06.06.2025;32,59
07.06.2025;32,59
08.06.2025;32,59
09.06.2025;32,58
10.06.2025;32,59
11.06.2025;32,58
12.06.2025;32,58
13.06.2025;32,58
14.06.2025;32,58
15.06.2025;32,58
16.06.2025;32,57
17.06.2025;32,58
18.06.2025;32,58
19.06.2025;32,57
20.06.2025;32,58
21.06.2025;32,58
22.06.2025;32,58
23.06.2025;32,58
24.06.2025;32,57
25.06.2025;32,57
26.06.2025;32,57
27.06.2025;32,57
28.06.2025;32,57
29.06.2025;32,57
30.06.2025;32,56
01.07.2025;32,57
02.07.2025;32,57
03.07.2025;32,55
04.07.2025;32,55
05.07.2025;32,56
06.07.2025;32,56
07.07.2025;32,55
08.07.2025;32,55
09.07.2025;32,55
10.07.2025;32,55
11.07.2025;32,55
12.07.2025;32,56
13.07.2025;32,58
14.07.2025;32,58
15.07.2025;32,57
16.07.2025;32,57
17.07.2025;32,57
18.07.2025;32,57
19.07.2025;32,58
20.07.2025;32,58
21.07.2025;32,58
22.07.2025;32,58
23.07.2025;32,58
24.07.2025;32,57
25.07.2025;32,57
26.07.2025;32,57
27.07.2025;32,57
28.07.2025;32,57
29.07.2025;32,56
30.07.2025;32,57
31.07.2025;32,57
01.08.2025;32,58
02.08.2025;32,58
03.08.2025;32,58
04.08.2025;32,58
05.08.2025;32,58
06.08.2025;32,58
07.08.2025;32,58
08.08.2025;32,58
09.08.2025;32,58
10.08.2025;32,57
11.08.2025;32,58
12.08.2025;32,58
13.08.2025;32,58
14.08.2025;32,57
15.08.2025;32,57
16.08.2025;32,57
17.08.2025;32,58
18.08.2025;32,58
19.08.2025;32,57
20.08.2025;32,57
21.08.2025;32,57
22.08.2025;32,56
23.08.2025;32,57
24.08.2025;32,57
25.08.2025;32,57
26.08.2025;32,58
27.08.2025;32,58
28.08.2025;32,58
29.08.2025;32,58
30.08.2025;32,58
31.08.2025;32,57
01.09.2025;32,58
02.09.2025;32,57
03.09.2025;32,57
04.09.2025;32,58
05.09.2025;32,57
06.09.2025;32,57
07.09.2025;32,57
08.09.2025;32,57
09.09.2025;32,58
10.09.2025;32,58
11.09.2025;32,58
12.09.2025;32,58
13.09.2025;32,57
14.09.2025;32,58
15.09.2025;32,58
16.09.2025;32,58
17.09.2025;32,57
18.09.2025;32,57
19.09.2025;32,56
20.09.2025;32,58
21.09.2025;32,58
22.09.2025;32,57
23.09.2025;32,57
24.09.2025;32,57
25.09.2025;32,58
26.09.2025;32,56
27.09.2025;32,57
28.09.2025;32,58
29.09.2025;32,58
30.09.2025;32,57
01.10.2025;32,57
02.10.2025;32,57
03.10.2025;32,57
04.10.2025;32,60
05.10.2025;32,58
06.10.2025;32,57
07.10.2025;32,57
08.10.2025;32,58
09.10.2025;32,57
10.10.2025;32,57
11.10.2025;32,57
12.10.2025;32,57
13.10.2025;32,58
14.10.2025;32,57
15.10.2025;32,57
16.10.2025;32,57
17.10.2025;32,57
18.10.2025;32,57
19.10.2025;32,58
20.10.2025;32,58
21.10.2025;32,58
22.10.2025;32,57
23.10.2025;32,59
24.10.2025;32,57
25.10.2025;32,58
26.10.2025;32,58
27.10.2025;32,59
28.10.2025;32,57
29.10.2025;32,57
30.10.2025;32,58
31.10.2025;32,57
01.11.2025;32,57
02.11.2025;32,58
03.11.2025;32,58
04.11.2025;32,58
05.11.2025;32,58
06.11.2025;32,57
07.11.2025;32,57
08.11.2025;32,57
09.11.2025;32,57
10.11.2025;32,58
11.11.2025;32,57
12.11.2025;32,57
13.11.2025;32,57
14.11.2025;32,57
15.11.2025;32,57
16.11.2025;32,58
17.11.2025;32,58
18.11.2025;32,57
19.11.2025;32,57
20.11.2025;32,57
21.11.2025;32,56
22.11.2025;32,57
23.11.2025;32,58
24.11.2025;32,58
25.11.2025;32,58
26.11.2025;32,58
27.11.2025;32,58
28.11.2025;32,58
29.11.2025;32,58
30.11.2025;32,59
01.12.2025;32,58
02.12.2025;32,58
03.12.2025;32,58
04.12.2025;32,59
05.12.2025;32,58
06.12.2025;32,59
07.12.2025;32,59
08.12.2025;32,58
09.12.2025;32,58
10.12.2025;32,58
11.12.2025;32,58
12.12.2025;32,57
13.12.2025;32,57
14.12.2025;32,58
15.12.2025;32,58
16.12.2025;32,58
17.12.2025;32,57
18.12.2025;32,57
19.12.2025;32,57
20.12.2025;32,56
21.12.2025;32,57
22.12.2025;32,57
23.12.2025;32,56
24.12.2025;32,56
25.12.2025;32,56
26.12.2025;32,57
27.12.2025;32,58
28.12.2025;32,57
29.12.2025;32,58
30.12.2025;32,57
31.12.2025;32,58
01.01.2026;32,58
02.01.2026;32,58
03.01.2026;32,57
04.01.2026;32,56
05.01.2026;32,57
06.01.2026;32,57
07.01.2026;32,57
08.01.2026;32,57
09.01.2026;32,57
10.01.2026;32,56
11.01.2026;32,56
12.01.2026;32,58
13.01.2026;32,56
14.01.2026;32,57
15.01.2026;32,57
16.01.2026;32,57
17.01.2026;32,57
18.01.2026;32,57
19.01.2026;32,57
20.01.2026;32,57
21.01.2026;32,57
22.01.2026;32,57
23.01.2026;32,57
24.01.2026;32,57
25.01.2026;32,58
26.01.2026;32,58
27.01.2026;32,57
28.01.2026;32,57
29.01.2026;32,57
30.01.2026;32,57
31.01.2026;32,57
01.02.2026;32,57
02.02.2026;32,57
03.02.2026;32,57
04.02.2026;32,57
05.02.2026;32,57
06.02.2026;32,57
07.02.2026;32,56
08.02.2026;32,56
09.02.2026;32,57
10.02.2026;32,57
11.02.2026;32,58
12.02.2026;32,58
13.02.2026;32,56
14.02.2026;32,56
15.02.2026;32,55
16.02.2026;32,58
17.02.2026;32,55
18.02.2026;32,55
19.02.2026;32,56
20.02.2026;32,55
21.02.2026;32,57
22.02.2026;32,56
23.02.2026;32,56
24.02.2026;32,56
25.02.2026;32,56
26.02.2026;32,55
27.02.2026;32,55
28.02.2026;32,55
01.03.2026;32,54
02.03.2026;32,54
03.03.2026;32,54
04.03.2026;32,54
05.03.2026;32,54
06.03.2026;32,55
07.03.2026;32,56
08.03.2026;32,56
09.03.2026;32,56
10.03.2026;32,56
11.03.2026;32,57
12.03.2026;32,56
13.03.2026;32,57
14.03.2026;32,57
15.03.2026;32,56
16.03.2026;32,57
17.03.2026;32,56
18.03.2026;32,55
19.03.2026;32,56
20.03.2026;32,56
21.03.2026;32,56
22.03.2026;32,56
23.03.2026;32,56
24.03.2026;32,56
25.03.2026;32,57
26.03.2026;32,55
27.03.2026;32,55
28.03.2026;32,55
29.03.2026;32,55
30.03.2026;32,56
31.03.2026;32,55
01.04.2026;32,55
02.04.2026;32,55
03.04.2026;32,54
04.04.2026;32,55
05.04.2026;32,56
06.04.2026;32,54
07.04.2026;32,55
08.04.2026;32,55
09.04.2026;32,54
