"Zeitpunkt";"Wasserstand(NHN) [mNHN]";"Hinweise"
"13.03.2012 00:00:00";"37,5";"Geprüft"
"14.03.2012 00:00:00";"37,48";"Geprüft"
"15.03.2012 00:00:00";"37,48";"Geprüft"
"16.03.2012 00:00:00";"37,47";"Geprüft"
"17.03.2012 00:00:00";"37,46";"Geprüft"
"18.03.2012 00:00:00";"37,46";"Geprüft"
"19.03.2012 00:00:00";"37,43";"Geprüft"
"20.03.2012 00:00:00";"37,43";"Geprüft"
"21.03.2012 00:00:00";"37,44";"Geprüft"
"22.03.2012 00:00:00";"37,44";"Geprüft"
"23.03.2012 00:00:00";"37,43";"Geprüft"
"24.03.2012 00:00:00";"37,42";"Geprüft"
"25.03.2012 00:00:00";"37,41";"Geprüft"
"26.03.2012 00:00:00";"37,41";"Geprüft"
"27.03.2012 00:00:00";"37,41";"Geprüft"
"28.03.2012 00:00:00";"37,4";"Geprüft"
"29.03.2012 00:00:00";"37,4";"Geprüft"
"30.03.2012 00:00:00";"37,41";"Geprüft"
"31.03.2012 00:00:00";"37,44";"Geprüft"
"01.04.2012 00:00:00";"37,41";"Geprüft"
"02.04.2012 00:00:00";"37,42";"Geprüft"
"03.04.2012 00:00:00";"37,41";"Geprüft"
"04.04.2012 00:00:00";"37,49";"Geprüft"
"05.04.2012 00:00:00";"37,46";"Geprüft"
"06.04.2012 00:00:00";"37,44";"Geprüft"
"07.04.2012 00:00:00";"37,48";"Geprüft"
"08.04.2012 00:00:00";"37,44";"Geprüft"
"09.04.2012 00:00:00";"37,42";"Geprüft"
"10.04.2012 00:00:00";"37,42";"Geprüft"
"11.04.2012 00:00:00";"37,41";"Geprüft"
"12.04.2012 00:00:00";"37,44";"Geprüft"
"13.04.2012 00:00:00";"37,42";"Geprüft"
"14.04.2012 00:00:00";"37,4";"Geprüft"
"15.04.2012 00:00:00";"37,39";"Geprüft"
"16.04.2012 00:00:00";"37,37";"Geprüft"
"17.04.2012 00:00:00";"37,38";"Geprüft"
"18.04.2012 00:00:00";"37,4";"Geprüft"
"19.04.2012 00:00:00";"37,39";"Geprüft"
"20.04.2012 00:00:00";"37,39";"Geprüft"
"21.04.2012 00:00:00";"37,37";"Geprüft"
"22.04.2012 00:00:00";"37,39";"Geprüft"
"23.04.2012 00:00:00";"37,37";"Geprüft"
"24.04.2012 00:00:00";"37,37";"Geprüft"
"25.04.2012 00:00:00";"37,41";"Geprüft"
"26.04.2012 00:00:00";"37,38";"Geprüft"
"27.04.2012 00:00:00";"37,36";"Geprüft"
"28.04.2012 00:00:00";"37,34";"Geprüft"
"29.04.2012 00:00:00";"37,33";"Geprüft"
"30.04.2012 00:00:00";"37,31";"Geprüft"
"01.05.2012 00:00:00";"37,3";"Geprüft"
"02.05.2012 00:00:00";"37,29";"Geprüft"
"03.05.2012 00:00:00";"37,34";"Geprüft"
"04.05.2012 00:00:00";"37,32";"Geprüft"
"05.05.2012 00:00:00";"37,32";"Geprüft"
"06.05.2012 00:00:00";"37,4";"Geprüft"
"07.05.2012 00:00:00";"37,38";"Geprüft"
"08.05.2012 00:00:00";"37,36";"Geprüft"
"09.05.2012 00:00:00";"37,35";"Geprüft"
"10.05.2012 00:00:00";"37,33";"Geprüft"
"11.05.2012 00:00:00";"37,31";"Geprüft"
"12.05.2012 00:00:00";"37,32";"Geprüft"
"13.05.2012 00:00:00";"37,3";"Geprüft"
"14.05.2012 00:00:00";"37,3";"Geprüft"
"15.05.2012 00:00:00";"37,29";"Geprüft"
"16.05.2012 00:00:00";"37,29";"Geprüft"
"17.05.2012 00:00:00";"37,28";"Geprüft"
"18.05.2012 00:00:00";"37,28";"Geprüft"
"19.05.2012 00:00:00";"37,27";"Geprüft"
"20.05.2012 00:00:00";"37,26";"Geprüft"
"21.05.2012 00:00:00";"37,25";"Geprüft"
"22.05.2012 00:00:00";"37,23";"Geprüft"
"23.05.2012 00:00:00";"37,22";"Geprüft"
"24.05.2012 00:00:00";"37,21";"Geprüft"
"25.05.2012 00:00:00";"37,21";"Geprüft"
"26.05.2012 00:00:00";"37,2";"Geprüft"
"27.05.2012 00:00:00";"37,2";"Geprüft"
"28.05.2012 00:00:00";"37,19";"Geprüft"
"29.05.2012 00:00:00";"37,18";"Geprüft"
"30.05.2012 00:00:00";"37,17";"Geprüft"
"31.05.2012 00:00:00";"37,19";"Geprüft"
"01.06.2012 00:00:00";"37,27";"Geprüft"
"02.06.2012 00:00:00";"37,25";"Geprüft"
"03.06.2012 00:00:00";"37,26";"Geprüft"
"04.06.2012 00:00:00";"37,32";"Geprüft"
"05.06.2012 00:00:00";"37,45";"Geprüft"
"06.06.2012 00:00:00";"37,4";"Geprüft"
"07.06.2012 00:00:00";"37,36";"Geprüft"
"08.06.2012 00:00:00";"37,34";"Geprüft"
"09.06.2012 00:00:00";"37,3";"Geprüft"
"10.06.2012 00:00:00";"37,27";"Geprüft"
"11.06.2012 00:00:00";"37,25";"Geprüft"
"12.06.2012 00:00:00";"37,25";"Geprüft"
"13.06.2012 00:00:00";"37,23";"Geprüft"
"14.06.2012 00:00:00";"37,23";"Geprüft"
"15.06.2012 00:00:00";"37,22";"Geprüft"
"16.06.2012 00:00:00";"37,21";"Geprüft"
"17.06.2012 00:00:00";"37,2";"Geprüft"
"18.06.2012 00:00:00";"37,18";"Geprüft"
"19.06.2012 00:00:00";"37,17";"Geprüft"
"20.06.2012 00:00:00";"37,37";"Geprüft"
"21.06.2012 00:00:00";"37,44";"Geprüft"
"22.06.2012 00:00:00";"37,39";"Geprüft"
"23.06.2012 00:00:00";"37,34";"Geprüft"
"24.06.2012 00:00:00";"37,31";"Geprüft"
"25.06.2012 00:00:00";"37,35";"Geprüft"
"26.06.2012 00:00:00";"37,37";"Geprüft"
"27.06.2012 00:00:00";"37,35";"Geprüft"
"28.06.2012 00:00:00";"37,42";"Geprüft"
"29.06.2012 00:00:00";"37,37";"Geprüft"
"30.06.2012 00:00:00";"37,36";"Geprüft"
"01.07.2012 00:00:00";"37,39";"Geprüft"
"02.07.2012 00:00:00";"37,35";"Geprüft"
"03.07.2012 00:00:00";"37,36";"Geprüft"
"04.07.2012 00:00:00";"37,33";"Geprüft"
"05.07.2012 00:00:00";"37,33";"Geprüft"
"06.07.2012 00:00:00";"37,43";"Geprüft"
"07.07.2012 00:00:00";"37,5";"Geprüft"
"08.07.2012 00:00:00";"37,57";"Geprüft"
"09.07.2012 00:00:00";"37,51";"Geprüft"
"10.07.2012 00:00:00";"37,43";"Geprüft"
"11.07.2012 00:00:00";"37,42";"Geprüft"
"12.07.2012 00:00:00";"37,43";"Geprüft"
"13.07.2012 00:00:00";"37,44";"Geprüft"
"14.07.2012 00:00:00";"37,55";"Geprüft"
"15.07.2012 00:00:00";"37,5";"Geprüft"
"16.07.2012 00:00:00";"37,45";"Geprüft"
"17.07.2012 00:00:00";"37,5";"Geprüft"
"18.07.2012 00:00:00";"37,55";"Geprüft"
"19.07.2012 00:00:00";"37,56";"Geprüft"
"20.07.2012 00:00:00";"37,48";"Geprüft"
"21.07.2012 00:00:00";"37,43";"Geprüft"
"22.07.2012 00:00:00";"37,4";"Geprüft"
"23.07.2012 00:00:00";"37,37";"Geprüft"
"24.07.2012 00:00:00";"37,34";"Geprüft"
"25.07.2012 00:00:00";"37,31";"Geprüft"
"26.07.2012 00:00:00";"37,3";"Geprüft"
"27.07.2012 00:00:00";"37,28";"Geprüft"
"28.07.2012 00:00:00";"37,28";"Geprüft"
"29.07.2012 00:00:00";"37,41";"Geprüft"
"30.07.2012 00:00:00";"37,41";"Geprüft"
"31.07.2012 00:00:00";"37,36";"Geprüft"
"01.08.2012 00:00:00";"37,33";"Geprüft"
"02.08.2012 00:00:00";"37,3";"Geprüft"
"03.08.2012 00:00:00";"37,35";"Geprüft"
"04.08.2012 00:00:00";"37,36";"Geprüft"
"05.08.2012 00:00:00";"37,34";"Geprüft"
"06.08.2012 00:00:00";"37,33";"Geprüft"
"07.08.2012 00:00:00";"37,29";"Geprüft"
"08.08.2012 00:00:00";"37,27";"Geprüft"
"09.08.2012 00:00:00";"37,27";"Geprüft"
"10.08.2012 00:00:00";"37,26";"Geprüft"
"11.08.2012 00:00:00";"37,29";"Geprüft"
"12.08.2012 00:00:00";"37,26";"Geprüft"
"13.08.2012 00:00:00";"37,24";"Geprüft"
"14.08.2012 00:00:00";"37,23";"Geprüft"
"15.08.2012 00:00:00";"37,22";"Geprüft"
"16.08.2012 00:00:00";"37,22";"Geprüft"
"17.08.2012 00:00:00";"37,22";"Geprüft"
"18.08.2012 00:00:00";"37,2";"Geprüft"
"19.08.2012 00:00:00";"37,18";"Geprüft"
"20.08.2012 00:00:00";"37,17";"Geprüft"
"21.08.2012 00:00:00";"37,17";"Geprüft"
"22.08.2012 00:00:00";"37,16";"Geprüft"
"23.08.2012 00:00:00";"37,15";"Geprüft"
"24.08.2012 00:00:00";"37,18";"Geprüft"
"25.08.2012 00:00:00";"37,19";"Geprüft"
"26.08.2012 00:00:00";"37,17";"Geprüft"
"27.08.2012 00:00:00";"37,16";"Geprüft"
"28.08.2012 00:00:00";"37,15";"Geprüft"
"29.08.2012 00:00:00";"37,15";"Geprüft"
"30.08.2012 00:00:00";"37,16";"Geprüft"
"31.08.2012 00:00:00";"37,21";"Geprüft"
"01.09.2012 00:00:00";"37,2";"Geprüft"
"02.09.2012 00:00:00";"37,18";"Geprüft"
"03.09.2012 00:00:00";"37,17";"Geprüft"
"04.09.2012 00:00:00";"37,16";"Geprüft"
"05.09.2012 00:00:00";"37,15";"Geprüft"
"06.09.2012 00:00:00";"37,14";"Geprüft"
"07.09.2012 00:00:00";"37,14";"Geprüft"
"08.09.2012 00:00:00";"37,16";"Geprüft"
"09.09.2012 00:00:00";"37,15";"Geprüft"
"10.09.2012 00:00:00";"37,14";"Geprüft"
"11.09.2012 00:00:00";"37,13";"Geprüft"
"12.09.2012 00:00:00";"37,14";"Geprüft"
"13.09.2012 00:00:00";"37,14";"Geprüft"
"14.09.2012 00:00:00";"37,13";"Geprüft"
"15.09.2012 00:00:00";"37,14";"Geprüft"
"16.09.2012 00:00:00";"37,14";"Geprüft"
"17.09.2012 00:00:00";"37,13";"Geprüft"
"18.09.2012 00:00:00";"37,13";"Geprüft"
"19.09.2012 00:00:00";"37,15";"Geprüft"
"20.09.2012 00:00:00";"37,15";"Geprüft"
"21.09.2012 00:00:00";"37,15";"Geprüft"
"22.09.2012 00:00:00";"37,15";"Geprüft"
"23.09.2012 00:00:00";"37,16";"Geprüft"
"24.09.2012 00:00:00";"37,16";"Geprüft"
"25.09.2012 00:00:00";"37,15";"Geprüft"
"26.09.2012 00:00:00";"37,15";"Geprüft"
"27.09.2012 00:00:00";"37,22";"Geprüft"
"28.09.2012 00:00:00";"37,23";"Geprüft"
"29.09.2012 00:00:00";"37,22";"Geprüft"
"30.09.2012 00:00:00";"37,21";"Geprüft"
"01.10.2012 00:00:00";"37,21";"Geprüft"
"02.10.2012 00:00:00";"37,21";"Geprüft"
"03.10.2012 00:00:00";"37,21";"Geprüft"
"04.10.2012 00:00:00";"37,22";"Geprüft"
"05.10.2012 00:00:00";"37,25";"Geprüft"
"06.10.2012 00:00:00";"37,3";"Geprüft"
"07.10.2012 00:00:00";"37,32";"Geprüft"
"08.10.2012 00:00:00";"37,32";"Geprüft"
"09.10.2012 00:00:00";"37,31";"Geprüft"
"10.10.2012 00:00:00";"37,3";"Geprüft"
"11.10.2012 00:00:00";"37,3";"Geprüft"
"12.10.2012 00:00:00";"37,3";"Geprüft"
"13.10.2012 00:00:00";"37,32";"Geprüft"
"14.10.2012 00:00:00";"37,31";"Geprüft"
"15.10.2012 00:00:00";"37,3";"Geprüft"
"16.10.2012 00:00:00";"37,3";"Geprüft"
"17.10.2012 00:00:00";"37,29";"Geprüft"
"18.10.2012 00:00:00";"37,29";"Geprüft"
"19.10.2012 00:00:00";"37,29";"Geprüft"
"20.10.2012 00:00:00";"37,29";"Geprüft"
"21.10.2012 00:00:00";"37,29";"Geprüft"
"22.10.2012 00:00:00";"37,29";"Geprüft"
"23.10.2012 00:00:00";"37,3";"Geprüft"
"24.10.2012 00:00:00";"37,3";"Geprüft"
"25.10.2012 00:00:00";"37,32";"Geprüft"
"26.10.2012 00:00:00";"37,32";"Geprüft"
"27.10.2012 00:00:00";"37,32";"Geprüft"
"28.10.2012 00:00:00";"37,31";"Geprüft"
"29.10.2012 00:00:00";"37,31";"Geprüft"
"30.10.2012 00:00:00";"37,33";"Geprüft"
"31.10.2012 00:00:00";"37,34";"Geprüft"
"01.11.2012 00:00:00";"37,35";"Geprüft"
"02.11.2012 00:00:00";"37,38";"Geprüft"
"03.11.2012 00:00:00";"37,4";"Geprüft"
"04.11.2012 00:00:00";"37,41";"Geprüft"
"05.11.2012 00:00:00";"37,44";"Geprüft"
"06.11.2012 00:00:00";"37,43";"Geprüft"
"07.11.2012 00:00:00";"37,44";"Geprüft"
"08.11.2012 00:00:00";"37,43";"Geprüft"
"09.11.2012 00:00:00";"37,42";"Geprüft"
"10.11.2012 00:00:00";"37,42";"Geprüft"
"11.11.2012 00:00:00";"37,43";"Geprüft"
"12.11.2012 00:00:00";"37,42";"Geprüft"
"13.11.2012 00:00:00";"37,41";"Geprüft"
"14.11.2012 00:00:00";"37,41";"Geprüft"
"15.11.2012 00:00:00";"37,41";"Geprüft"
"16.11.2012 00:00:00";"37,42";"Geprüft"
"17.11.2012 00:00:00";"37,42";"Geprüft"
"18.11.2012 00:00:00";"37,41";"Geprüft"
"19.11.2012 00:00:00";"37,42";"Geprüft"
"20.11.2012 00:00:00";"37,42";"Geprüft"
"21.11.2012 00:00:00";"37,42";"Geprüft"
"22.11.2012 00:00:00";"37,41";"Geprüft"
"23.11.2012 00:00:00";"37,41";"Geprüft"
"24.11.2012 00:00:00";"37,44";"Geprüft"
"25.11.2012 00:00:00";"37,45";"Geprüft"
"26.11.2012 00:00:00";"37,44";"Geprüft"
"27.11.2012 00:00:00";"37,45";"Geprüft"
"28.11.2012 00:00:00";"37,49";"Geprüft"
"29.11.2012 00:00:00";"37,65";"Geprüft"
"30.11.2012 00:00:00";"37,68";"Geprüft"
"01.12.2012 00:00:00";"37,59";"Geprüft"
"02.12.2012 00:00:00";"37,55";"Geprüft"
"03.12.2012 00:00:00";"37,53";"Geprüft"
"04.12.2012 00:00:00";"37,54";"Geprüft"
"05.12.2012 00:00:00";"37,54";"Geprüft"
"06.12.2012 00:00:00";"37,5";"Geprüft"
"07.12.2012 00:00:00";"37,48";"Geprüft"
"08.12.2012 00:00:00";"37,46";"Geprüft"
"09.12.2012 00:00:00";"37,47";"Geprüft"
"10.12.2012 00:00:00";"37,48";"Geprüft"
"11.12.2012 00:00:00";"37,49";"Geprüft"
"12.12.2012 00:00:00";"37,48";"Geprüft"
"13.12.2012 00:00:00";"37,48";"Geprüft"
"14.12.2012 00:00:00";"37,48";"Geprüft"
"15.12.2012 00:00:00";"37,6";"Geprüft"
"16.12.2012 00:00:00";"37,67";"Geprüft"
"17.12.2012 00:00:00";"37,64";"Geprüft"
"18.12.2012 00:00:00";"37,6";"Geprüft"
"19.12.2012 00:00:00";"37,58";"Geprüft"
"20.12.2012 00:00:00";"37,55";"Geprüft"
"21.12.2012 00:00:00";"37,51";"Geprüft"
"22.12.2012 00:00:00";"37,48";"Geprüft"
"23.12.2012 00:00:00";"37,54";"Geprüft"
"24.12.2012 00:00:00";"37,69";"Geprüft"
"25.12.2012 00:00:00";"37,62";"Geprüft"
"26.12.2012 00:00:00";"37,59";"Geprüft"
"27.12.2012 00:00:00";"37,57";"Geprüft"
"28.12.2012 00:00:00";"37,52";"Geprüft"
"29.12.2012 00:00:00";"37,53";"Geprüft"
"30.12.2012 00:00:00";"37,51";"Geprüft"
"31.12.2012 00:00:00";"37,5";"Geprüft"
"01.01.2013 00:00:00";"37,49";"Geprüft"
"02.01.2013 00:00:00";"37,49";"Geprüft"
"03.01.2013 00:00:00";"37,51";"Geprüft"
"04.01.2013 00:00:00";"37,57";"Geprüft"
"05.01.2013 00:00:00";"37,62";"Geprüft"
"06.01.2013 00:00:00";"37,61";"Geprüft"
"07.01.2013 00:00:00";"37,6";"Geprüft"
"08.01.2013 00:00:00";"37,64";"Geprüft"
"09.01.2013 00:00:00";"37,64";"Geprüft"
"10.01.2013 00:00:00";"37,66";"Geprüft"
"11.01.2013 00:00:00";"37,61";"Geprüft"
"12.01.2013 00:00:00";"37,58";"Geprüft"
"13.01.2013 00:00:00";"37,56";"Geprüft"
"14.01.2013 00:00:00";"37,53";"Geprüft"
"15.01.2013 00:00:00";"37,51";"Geprüft"
"16.01.2013 00:00:00";"37,5";"Geprüft"
"17.01.2013 00:00:00";"37,5";"Geprüft"
"18.01.2013 00:00:00";"37,49";"Geprüft"
"19.01.2013 00:00:00";"37,47";"Geprüft"
"20.01.2013 00:00:00";"37,45";"Geprüft"
"21.01.2013 00:00:00";"37,45";"Geprüft"
"22.01.2013 00:00:00";"37,47";"Geprüft"
"23.01.2013 00:00:00";"37,47";"Geprüft"
"24.01.2013 00:00:00";"37,47";"Geprüft"
"25.01.2013 00:00:00";"37,45";"Geprüft"
"26.01.2013 00:00:00";"37,44";"Geprüft"
"27.01.2013 00:00:00";"37,45";"Geprüft"
"28.01.2013 00:00:00";"37,48";"Geprüft"
"29.01.2013 00:00:00";"37,61";"Geprüft"
"30.01.2013 00:00:00";"37,76";"Geprüft"
"31.01.2013 00:00:00";"37,7";"Geprüft"
"01.02.2013 00:00:00";"37,66";"Geprüft"
"02.02.2013 00:00:00";"37,7";"Geprüft"
"03.02.2013 00:00:00";"37,64";"Geprüft"
"04.02.2013 00:00:00";"37,72";"Geprüft"
"05.02.2013 00:00:00";"37,69";"Geprüft"
"06.02.2013 00:00:00";"37,64";"Geprüft"
"07.02.2013 00:00:00";"37,6";"Geprüft"
"08.02.2013 00:00:00";"37,59";"Geprüft"
"09.02.2013 00:00:00";"37,58";"Geprüft"
"10.02.2013 00:00:00";"37,55";"Geprüft"
"11.02.2013 00:00:00";"37,53";"Geprüft"
"12.02.2013 00:00:00";"37,52";"Geprüft"
"13.02.2013 00:00:00";"37,52";"Geprüft"
"14.02.2013 00:00:00";"37,54";"Geprüft"
"15.02.2013 00:00:00";"37,54";"Geprüft"
"16.02.2013 00:00:00";"37,55";"Geprüft"
"17.02.2013 00:00:00";"37,57";"Geprüft"
"18.02.2013 00:00:00";"37,55";"Geprüft"
"19.02.2013 00:00:00";"37,57";"Geprüft"
"20.02.2013 00:00:00";"37,57";"Geprüft"
"21.02.2013 00:00:00";"37,53";"Geprüft"
"22.02.2013 00:00:00";"37,51";"Geprüft"
"23.02.2013 00:00:00";"37,5";"Geprüft"
"24.02.2013 00:00:00";"37,52";"Geprüft"
"25.02.2013 00:00:00";"37,63";"Geprüft"
"26.02.2013 00:00:00";"37,66";"Geprüft"
"27.02.2013 00:00:00";"37,63";"Geprüft"
"28.02.2013 00:00:00";"37,59";"Geprüft"
"01.03.2013 00:00:00";"37,56";"Geprüft"
"02.03.2013 00:00:00";"37,54";"Geprüft"
"03.03.2013 00:00:00";"37,52";"Geprüft"
"04.03.2013 00:00:00";"37,5";"Geprüft"
"05.03.2013 00:00:00";"37,5";"Geprüft"
"06.03.2013 00:00:00";"37,49";"Geprüft"
"07.03.2013 00:00:00";"37,48";"Geprüft"
"08.03.2013 00:00:00";"37,49";"Geprüft"
"09.03.2013 00:00:00";"37,48";"Geprüft"
"10.03.2013 00:00:00";"37,49";"Geprüft"
"11.03.2013 00:00:00";"37,48";"Geprüft"
"12.03.2013 00:00:00";"37,48";"Geprüft"
"13.03.2013 00:00:00";"37,49";"Geprüft"
"14.03.2013 00:00:00";"37,47";"Geprüft"
"15.03.2013 00:00:00";"37,47";"Geprüft"
"16.03.2013 00:00:00";"37,47";"Geprüft"
"17.03.2013 00:00:00";"37,46";"Geprüft"
"18.03.2013 00:00:00";"37,47";"Geprüft"
"19.03.2013 00:00:00";"37,48";"Geprüft"
"20.03.2013 00:00:00";"37,48";"Geprüft"
"21.03.2013 00:00:00";"37,49";"Geprüft"
"22.03.2013 00:00:00";"37,49";"Geprüft"
"23.03.2013 00:00:00";"37,47";"Geprüft"
"24.03.2013 00:00:00";"37,45";"Geprüft"
"25.03.2013 00:00:00";"37,45";"Geprüft"
"26.03.2013 00:00:00";"37,45";"Geprüft"
"27.03.2013 00:00:00";"37,45";"Geprüft"
"28.03.2013 00:00:00";"37,47";"Geprüft"
"29.03.2013 00:00:00";"37,49";"Geprüft"
"30.03.2013 00:00:00";"37,51";"Geprüft"
"31.03.2013 00:00:00";"37,52";"Geprüft"
"01.04.2013 00:00:00";"37,54";"Geprüft"
"02.04.2013 00:00:00";"37,54";"Geprüft"
"03.04.2013 00:00:00";"37,52";"Geprüft"
"04.04.2013 00:00:00";"37,51";"Geprüft"
"05.04.2013 00:00:00";"37,5";"Geprüft"
"06.04.2013 00:00:00";"37,48";"Geprüft"
"07.04.2013 00:00:00";"37,46";"Geprüft"
"08.04.2013 00:00:00";"37,45";"Geprüft"
"09.04.2013 00:00:00";"37,43";"Geprüft"
"10.04.2013 00:00:00";"37,42";"Geprüft"
"11.04.2013 00:00:00";"37,45";"Geprüft"
"12.04.2013 00:00:00";"37,5";"Geprüft"
"13.04.2013 00:00:00";"37,46";"Geprüft"
"14.04.2013 00:00:00";"37,43";"Geprüft"
"15.04.2013 00:00:00";"37,42";"Geprüft"
"16.04.2013 00:00:00";"37,41";"Geprüft"
"17.04.2013 00:00:00";"37,41";"Geprüft"
"18.04.2013 00:00:00";"37,39";"Geprüft"
"19.04.2013 00:00:00";"37,38";"Geprüft"
"20.04.2013 00:00:00";"37,37";"Geprüft"
"21.04.2013 00:00:00";"37,37";"Geprüft"
"22.04.2013 00:00:00";"37,37";"Geprüft"
"23.04.2013 00:00:00";"37,37";"Geprüft"
"24.04.2013 00:00:00";"37,36";"Geprüft"
"25.04.2013 00:00:00";"37,36";"Geprüft"
"26.04.2013 00:00:00";"37,37";"Geprüft"
"27.04.2013 00:00:00";"37,42";"Geprüft"
"28.04.2013 00:00:00";"37,44";"Geprüft"
"29.04.2013 00:00:00";"37,41";"Geprüft"
"30.04.2013 00:00:00";"37,39";"Geprüft"
"01.05.2013 00:00:00";"37,37";"Geprüft"
"02.05.2013 00:00:00";"37,37";"Geprüft"
"03.05.2013 00:00:00";"37,35";"Geprüft"
"04.05.2013 00:00:00";"37,33";"Geprüft"
"05.05.2013 00:00:00";"37,32";"Geprüft"
"06.05.2013 00:00:00";"37,31";"Geprüft"
"07.05.2013 00:00:00";"37,32";"Geprüft"
"08.05.2013 00:00:00";"37,34";"Geprüft"
"09.05.2013 00:00:00";"37,33";"Geprüft"
"10.05.2013 00:00:00";"37,33";"Geprüft"
"11.05.2013 00:00:00";"37,32";"Geprüft"
"12.05.2013 00:00:00";"37,32";"Geprüft"
"13.05.2013 00:00:00";"37,31";"Geprüft"
"14.05.2013 00:00:00";"37,32";"Geprüft"
"15.05.2013 00:00:00";"37,32";"Geprüft"
"16.05.2013 00:00:00";"37,3";"Geprüft"
"17.05.2013 00:00:00";"37,28";"Geprüft"
"18.05.2013 00:00:00";"37,31";"Geprüft"
"19.05.2013 00:00:00";"37,35";"Geprüft"
"20.05.2013 00:00:00";"37,33";"Geprüft"
"21.05.2013 00:00:00";"37,31";"Geprüft"
"22.05.2013 00:00:00";"37,31";"Geprüft"
"23.05.2013 00:00:00";"37,32";"Geprüft"
"24.05.2013 00:00:00";"37,3";"Geprüft"
"25.05.2013 00:00:00";"37,35";"Geprüft"
"26.05.2013 00:00:00";"37,63";"Geprüft"
"27.05.2013 00:00:00";"37,54";"Geprüft"
"28.05.2013 00:00:00";"37,53";"Geprüft"
"29.05.2013 00:00:00";"37,52";"Geprüft"
"30.05.2013 00:00:00";"37,55";"Geprüft"
"31.05.2013 00:00:00";"37,64";"Geprüft"
"01.06.2013 00:00:00";"37,58";"Geprüft"
"02.06.2013 00:00:00";"37,66";"Geprüft"
"03.06.2013 00:00:00";"37,63";"Geprüft"
"04.06.2013 00:00:00";"37,56";"Geprüft"
"05.06.2013 00:00:00";"37,5";"Geprüft"
"06.06.2013 00:00:00";"37,46";"Geprüft"
"07.06.2013 00:00:00";"37,43";"Geprüft"
"08.06.2013 00:00:00";"37,41";"Geprüft"
"09.06.2013 00:00:00";"37,39";"Geprüft"
"10.06.2013 00:00:00";"37,38";"Geprüft"
"11.06.2013 00:00:00";"37,35";"Geprüft"
"12.06.2013 00:00:00";"37,32";"Geprüft"
"13.06.2013 00:00:00";"37,3";"Geprüft"
"14.06.2013 00:00:00";"37,3";"Geprüft"
"15.06.2013 00:00:00";"37,28";"Geprüft"
"16.06.2013 00:00:00";"37,26";"Geprüft"
"17.06.2013 00:00:00";"37,24";"Geprüft"
"18.06.2013 00:00:00";"37,22";"Geprüft"
"19.06.2013 00:00:00";"37,21";"Geprüft"
"20.06.2013 00:00:00";"37,23";"Geprüft"
"21.06.2013 00:00:00";"37,36";"Geprüft"
"22.06.2013 00:00:00";"37,32";"Geprüft"
"23.06.2013 00:00:00";"37,29";"Geprüft"
"24.06.2013 00:00:00";"37,29";"Geprüft"
"25.06.2013 00:00:00";"37,49";"Geprüft"
"26.06.2013 00:00:00";"37,61";"Geprüft"
"27.06.2013 00:00:00";"37,51";"Geprüft"
"28.06.2013 00:00:00";"37,46";"Geprüft"
"29.06.2013 00:00:00";"37,43";"Geprüft"
"30.06.2013 00:00:00";"37,41";"Geprüft"
"01.07.2013 00:00:00";"37,39";"Geprüft"
"02.07.2013 00:00:00";"37,44";"Geprüft"
"03.07.2013 00:00:00";"37,39";"Geprüft"
"04.07.2013 00:00:00";"37,36";"Geprüft"
"05.07.2013 00:00:00";"37,34";"Geprüft"
"06.07.2013 00:00:00";"37,31";"Geprüft"
"07.07.2013 00:00:00";"37,28";"Geprüft"
"08.07.2013 00:00:00";"37,26";"Geprüft"
"09.07.2013 00:00:00";"37,24";"Geprüft"
"10.07.2013 00:00:00";"37,22";"Geprüft"
"11.07.2013 00:00:00";"37,22";"Geprüft"
"12.07.2013 00:00:00";"37,22";"Geprüft"
"13.07.2013 00:00:00";"37,21";"Geprüft"
"14.07.2013 00:00:00";"37,21";"Geprüft"
"15.07.2013 00:00:00";"37,2";"Geprüft"
"16.07.2013 00:00:00";"37,18";"Geprüft"
"17.07.2013 00:00:00";"37,17";"Geprüft"
"18.07.2013 00:00:00";"37,16";"Geprüft"
"19.07.2013 00:00:00";"37,15";"Geprüft"
"20.07.2013 00:00:00";"37,14";"Geprüft"
"21.07.2013 00:00:00";"37,13";"Geprüft"
"22.07.2013 00:00:00";"37,12";"Geprüft"
"23.07.2013 00:00:00";"37,11";"Geprüft"
"24.07.2013 00:00:00";"37,1";"Geprüft"
"25.07.2013 00:00:00";"37,09";"Geprüft"
"26.07.2013 00:00:00";"37,09";"Geprüft"
"27.07.2013 00:00:00";"37,1";"Geprüft"
"28.07.2013 00:00:00";"37,09";"Geprüft"
"29.07.2013 00:00:00";"37,2";"Geprüft"
"30.07.2013 00:00:00";"37,38";"Geprüft"
"31.07.2013 00:00:00";"37,33";"Geprüft"
"01.08.2013 00:00:00";"37,29";"Geprüft"
"02.08.2013 00:00:00";"37,25";"Geprüft"
"03.08.2013 00:00:00";"37,23";"Geprüft"
"04.08.2013 00:00:00";"37,21";"Geprüft"
"05.08.2013 00:00:00";"37,21";"Geprüft"
"06.08.2013 00:00:00";"37,24";"Geprüft"
"07.08.2013 00:00:00";"37,35";"Geprüft"
"08.08.2013 00:00:00";"37,39";"Geprüft"
"09.08.2013 00:00:00";"37,36";"Geprüft"
"10.08.2013 00:00:00";"37,34";"Geprüft"
"11.08.2013 00:00:00";"37,32";"Geprüft"
"12.08.2013 00:00:00";"37,3";"Geprüft"
"13.08.2013 00:00:00";"37,36";"Geprüft"
"14.08.2013 00:00:00";"37,36";"Geprüft"
"15.08.2013 00:00:00";"37,33";"Geprüft"
"16.08.2013 00:00:00";"37,3";"Geprüft"
"17.08.2013 00:00:00";"37,27";"Geprüft"
"18.08.2013 00:00:00";"37,26";"Geprüft"
"19.08.2013 00:00:00";"37,3";"Geprüft"
"20.08.2013 00:00:00";"37,32";"Geprüft"
"21.08.2013 00:00:00";"37,3";"Geprüft"
"22.08.2013 00:00:00";"37,28";"Geprüft"
"23.08.2013 00:00:00";"37,25";"Geprüft"
"24.08.2013 00:00:00";"37,24";"Geprüft"
"25.08.2013 00:00:00";"37,22";"Geprüft"
"26.08.2013 00:00:00";"37,2";"Geprüft"
"27.08.2013 00:00:00";"37,19";"Geprüft"
"28.08.2013 00:00:00";"37,19";"Geprüft"
"29.08.2013 00:00:00";"37,19";"Geprüft"
"30.08.2013 00:00:00";"37,19";"Geprüft"
"31.08.2013 00:00:00";"37,19";"Geprüft"
"01.09.2013 00:00:00";"37,2";"Geprüft"
"02.09.2013 00:00:00";"37,2";"Geprüft"
"03.09.2013 00:00:00";"37,21";"Geprüft"
"04.09.2013 00:00:00";"37,24";"Geprüft"
"05.09.2013 00:00:00";"37,23";"Geprüft"
"06.09.2013 00:00:00";"37,21";"Geprüft"
"07.09.2013 00:00:00";"37,19";"Geprüft"
"08.09.2013 00:00:00";"37,17";"Geprüft"
"09.09.2013 00:00:00";"37,26";"Geprüft"
"10.09.2013 00:00:00";"37,29";"Geprüft"
"11.09.2013 00:00:00";"37,28";"Geprüft"
"12.09.2013 00:00:00";"37,28";"Geprüft"
"13.09.2013 00:00:00";"37,27";"Geprüft"
"14.09.2013 00:00:00";"37,26";"Geprüft"
"15.09.2013 00:00:00";"37,25";"Geprüft"
"16.09.2013 00:00:00";"37,25";"Geprüft"
"17.09.2013 00:00:00";"37,25";"Geprüft"
"18.09.2013 00:00:00";"37,26";"Geprüft"
"19.09.2013 00:00:00";"37,27";"Geprüft"
"20.09.2013 00:00:00";"37,27";"Geprüft"
"21.09.2013 00:00:00";"37,27";"Geprüft"
"22.09.2013 00:00:00";"37,26";"Geprüft"
"23.09.2013 00:00:00";"37,26";"Geprüft"
"24.09.2013 00:00:00";"37,28";"Geprüft"
"25.09.2013 00:00:00";"37,31";"Geprüft"
"26.09.2013 00:00:00";"37,31";"Geprüft"
"27.09.2013 00:00:00";"37,31";"Geprüft"
"28.09.2013 00:00:00";"37,29";"Geprüft"
"29.09.2013 00:00:00";"37,28";"Geprüft"
"30.09.2013 00:00:00";"37,27";"Geprüft"
"01.10.2013 00:00:00";"37,26";"Geprüft"
"02.10.2013 00:00:00";"37,25";"Geprüft"
"03.10.2013 00:00:00";"37,25";"Geprüft"
"04.10.2013 00:00:00";"37,24";"Geprüft"
"05.10.2013 00:00:00";"37,24";"Geprüft"
"06.10.2013 00:00:00";"37,24";"Geprüft"
"07.10.2013 00:00:00";"37,25";"Geprüft"
"08.10.2013 00:00:00";"37,25";"Geprüft"
"09.10.2013 00:00:00";"37,26";"Geprüft"
"10.10.2013 00:00:00";"37,31";"Geprüft"
"11.10.2013 00:00:00";"37,38";"Geprüft"
"12.10.2013 00:00:00";"37,58";"Geprüft"
"13.10.2013 00:00:00";"37,74";"Geprüft"
"14.10.2013 00:00:00";"37,65";"Geprüft"
"15.10.2013 00:00:00";"37,64";"Geprüft"
"16.10.2013 00:00:00";"37,59";"Geprüft"
"17.10.2013 00:00:00";"37,57";"Geprüft"
"18.10.2013 00:00:00";"37,54";"Geprüft"
"19.10.2013 00:00:00";"37,52";"Geprüft"
"20.10.2013 00:00:00";"37,51";"Geprüft"
"21.10.2013 00:00:00";"37,49";"Geprüft"
"22.10.2013 00:00:00";"37,48";"Geprüft"
"23.10.2013 00:00:00";"37,47";"Geprüft"
"24.10.2013 00:00:00";"37,45";"Geprüft"
"25.10.2013 00:00:00";"37,45";"Geprüft"
"26.10.2013 00:00:00";"37,47";"Geprüft"
"27.10.2013 00:00:00";"37,52";"Geprüft"
"28.10.2013 00:00:00";"37,5";"Geprüft"
"29.10.2013 00:00:00";"37,47";"Geprüft"
"30.10.2013 00:00:00";"37,45";"Geprüft"
"31.10.2013 00:00:00";"37,45";"Geprüft"
"01.11.2013 00:00:00";"37,46";"Geprüft"
"02.11.2013 00:00:00";"37,47";"Geprüft"
"03.11.2013 00:00:00";"37,51";"Geprüft"
"04.11.2013 00:00:00";"37,52";"Geprüft"
"05.11.2013 00:00:00";"37,51";"Geprüft"
"06.11.2013 00:00:00";"37,52";"Geprüft"
"07.11.2013 00:00:00";"37,58";"Geprüft"
"08.11.2013 00:00:00";"37,6";"Geprüft"
"09.11.2013 00:00:00";"37,62";"Geprüft"
"10.11.2013 00:00:00";"37,56";"Geprüft"
"11.11.2013 00:00:00";"37,52";"Geprüft"
"12.11.2013 00:00:00";"37,51";"Geprüft"
"13.11.2013 00:00:00";"37,5";"Geprüft"
"14.11.2013 00:00:00";"37,49";"Geprüft"
"15.11.2013 00:00:00";"37,47";"Geprüft"
"16.11.2013 00:00:00";"37,47";"Geprüft"
"17.11.2013 00:00:00";"37,46";"Geprüft"
"18.11.2013 00:00:00";"37,47";"Geprüft"
"19.11.2013 00:00:00";"37,46";"Geprüft"
"20.11.2013 00:00:00";"37,57";"Geprüft"
"21.11.2013 00:00:00";"37,55";"Geprüft"
"22.11.2013 00:00:00";"37,64";"Geprüft"
"23.11.2013 00:00:00";"37,61";"Geprüft"
"24.11.2013 00:00:00";"37,57";"Geprüft"
"25.11.2013 00:00:00";"37,53";"Geprüft"
"26.11.2013 00:00:00";"37,51";"Geprüft"
"27.11.2013 00:00:00";"37,5";"Geprüft"
"28.11.2013 00:00:00";"37,54";"Geprüft"
"29.11.2013 00:00:00";"37,54";"Geprüft"
"30.11.2013 00:00:00";"37,59";"Geprüft"
"01.12.2013 00:00:00";"37,56";"Geprüft"
"02.12.2013 00:00:00";"37,53";"Geprüft"
"03.12.2013 00:00:00";"37,52";"Geprüft"
"04.12.2013 00:00:00";"37,51";"Geprüft"
"05.12.2013 00:00:00";"37,56";"Geprüft"
"06.12.2013 00:00:00";"37,6";"Geprüft"
"07.12.2013 00:00:00";"37,57";"Geprüft"
"08.12.2013 00:00:00";"37,56";"Geprüft"
"09.12.2013 00:00:00";"37,62";"Geprüft"
"10.12.2013 00:00:00";"37,61";"Geprüft"
"11.12.2013 00:00:00";"37,58";"Geprüft"
"12.12.2013 00:00:00";"37,56";"Geprüft"
"13.12.2013 00:00:00";"37,54";"Geprüft"
"14.12.2013 00:00:00";"37,52";"Geprüft"
"15.12.2013 00:00:00";"37,51";"Geprüft"
"16.12.2013 00:00:00";"37,5";"Geprüft"
"17.12.2013 00:00:00";"37,49";"Geprüft"
"18.12.2013 00:00:00";"37,48";"Geprüft"
"19.12.2013 00:00:00";"37,48";"Geprüft"
"20.12.2013 00:00:00";"37,47";"Geprüft"
"21.12.2013 00:00:00";"37,46";"Geprüft"
"22.12.2013 00:00:00";"37,49";"Geprüft"
"23.12.2013 00:00:00";"37,49";"Geprüft"
"24.12.2013 00:00:00";"37,48";"Geprüft"
"25.12.2013 00:00:00";"37,47";"Geprüft"
"26.12.2013 00:00:00";"37,48";"Geprüft"
"27.12.2013 00:00:00";"37,47";"Geprüft"
"28.12.2013 00:00:00";"37,45";"Geprüft"
"29.12.2013 00:00:00";"37,5";"Geprüft"
"30.12.2013 00:00:00";"37,47";"Geprüft"
"31.12.2013 00:00:00";"37,45";"Geprüft"
"01.01.2014 00:00:00";"37,45";"Geprüft"
"02.01.2014 00:00:00";"37,46";"Geprüft"
"03.01.2014 00:00:00";"37,47";"Geprüft"
"04.01.2014 00:00:00";"37,46";"Geprüft"
"05.01.2014 00:00:00";"37,46";"Geprüft"
"06.01.2014 00:00:00";"37,47";"Geprüft"
"07.01.2014 00:00:00";"37,56";"Geprüft"
"08.01.2014 00:00:00";"37,58";"Geprüft"
"09.01.2014 00:00:00";"37,56";"Geprüft"
"10.01.2014 00:00:00";"37,54";"Geprüft"
"11.01.2014 00:00:00";"37,52";"Geprüft"
"12.01.2014 00:00:00";"37,51";"Geprüft"
"13.01.2014 00:00:00";"37,5";"Geprüft"
"14.01.2014 00:00:00";"37,49";"Geprüft"
"15.01.2014 00:00:00";"37,48";"Geprüft"
"16.01.2014 00:00:00";"37,51";"Geprüft"
"17.01.2014 00:00:00";"37,56";"Geprüft"
"18.01.2014 00:00:00";"37,52";"Geprüft"
"19.01.2014 00:00:00";"37,51";"Geprüft"
"20.01.2014 00:00:00";"37,48";"Geprüft"
"21.01.2014 00:00:00";"37,48";"Geprüft"
"22.01.2014 00:00:00";"37,48";"Geprüft"
"23.01.2014 00:00:00";"37,47";"Geprüft"
"24.01.2014 00:00:00";"37,45";"Geprüft"
"25.01.2014 00:00:00";"37,44";"Geprüft"
"26.01.2014 00:00:00";"37,43";"Geprüft"
"27.01.2014 00:00:00";"37,43";"Geprüft"
"28.01.2014 00:00:00";"37,45";"Geprüft"
"29.01.2014 00:00:00";"37,45";"Geprüft"
"30.01.2014 00:00:00";"37,44";"Geprüft"
"31.01.2014 00:00:00";"37,45";"Geprüft"
"01.02.2014 00:00:00";"37,46";"Geprüft"
"02.02.2014 00:00:00";"37,53";"Geprüft"
"03.02.2014 00:00:00";"37,56";"Geprüft"
"04.02.2014 00:00:00";"37,53";"Geprüft"
"05.02.2014 00:00:00";"37,51";"Geprüft"
"06.02.2014 00:00:00";"37,51";"Geprüft"
"07.02.2014 00:00:00";"37,5";"Geprüft"
"08.02.2014 00:00:00";"37,49";"Geprüft"
"09.02.2014 00:00:00";"37,49";"Geprüft"
"10.02.2014 00:00:00";"37,47";"Geprüft"
"11.02.2014 00:00:00";"37,45";"Geprüft"
"12.02.2014 00:00:00";"37,44";"Geprüft"
"13.02.2014 00:00:00";"37,45";"Geprüft"
"14.02.2014 00:00:00";"37,45";"Geprüft"
"15.02.2014 00:00:00";"37,44";"Geprüft"
"16.02.2014 00:00:00";"37,43";"Geprüft"
"17.02.2014 00:00:00";"37,42";"Geprüft"
"18.02.2014 00:00:00";"37,42";"Geprüft"
"19.02.2014 00:00:00";"37,42";"Geprüft"
"20.02.2014 00:00:00";"37,42";"Geprüft"
"21.02.2014 00:00:00";"37,44";"Geprüft"
"22.02.2014 00:00:00";"37,44";"Geprüft"
"23.02.2014 00:00:00";"37,42";"Geprüft"
"24.02.2014 00:00:00";"37,41";"Geprüft"
"25.02.2014 00:00:00";"37,41";"Geprüft"
"26.02.2014 00:00:00";"37,4";"Geprüft"
"27.02.2014 00:00:00";"37,4";"Geprüft"
"28.02.2014 00:00:00";"37,41";"Geprüft"
"01.03.2014 00:00:00";"37,4";"Geprüft"
"02.03.2014 00:00:00";"37,39";"Geprüft"
"03.03.2014 00:00:00";"37,39";"Geprüft"
"04.03.2014 00:00:00";"37,39";"Geprüft"
"05.03.2014 00:00:00";"37,38";"Geprüft"
"06.03.2014 00:00:00";"37,38";"Geprüft"
"07.03.2014 00:00:00";"37,35";"Geprüft"
"08.03.2014 00:00:00";"37,34";"Geprüft"
"09.03.2014 00:00:00";"37,33";"Geprüft"
"10.03.2014 00:00:00";"37,32";"Geprüft"
"11.03.2014 00:00:00";"37,31";"Geprüft"
"12.03.2014 00:00:00";"37,31";"Geprüft"
"13.03.2014 00:00:00";"37,31";"Geprüft"
"14.03.2014 00:00:00";"37,31";"Geprüft"
"15.03.2014 00:00:00";"37,32";"Geprüft"
"16.03.2014 00:00:00";"37,35";"Geprüft"
"17.03.2014 00:00:00";"37,35";"Geprüft"
"18.03.2014 00:00:00";"37,34";"Geprüft"
"19.03.2014 00:00:00";"37,35";"Geprüft"
"20.03.2014 00:00:00";"37,34";"Geprüft"
"21.03.2014 00:00:00";"37,32";"Geprüft"
"22.03.2014 00:00:00";"37,33";"Geprüft"
"23.03.2014 00:00:00";"37,35";"Geprüft"
"24.03.2014 00:00:00";"37,35";"Geprüft"
"25.03.2014 00:00:00";"37,38";"Geprüft"
"26.03.2014 00:00:00";"37,37";"Geprüft"
"27.03.2014 00:00:00";"37,35";"Geprüft"
"28.03.2014 00:00:00";"37,33";"Geprüft"
"29.03.2014 00:00:00";"37,33";"Geprüft"
"30.03.2014 00:00:00";"37,32";"Geprüft"
"31.03.2014 00:00:00";"37,31";"Geprüft"
"01.04.2014 00:00:00";"37,3";"Geprüft"
"02.04.2014 00:00:00";"37,3";"Geprüft"
"03.04.2014 00:00:00";"37,29";"Geprüft"
"04.04.2014 00:00:00";"37,28";"Geprüft"
"05.04.2014 00:00:00";"37,28";"Geprüft"
"06.04.2014 00:00:00";"37,28";"Geprüft"
"07.04.2014 00:00:00";"37,29";"Geprüft"
"08.04.2014 00:00:00";"37,28";"Geprüft"
"09.04.2014 00:00:00";"37,28";"Geprüft"
"10.04.2014 00:00:00";"37,29";"Geprüft"
"11.04.2014 00:00:00";"37,29";"Geprüft"
"12.04.2014 00:00:00";"37,28";"Geprüft"
"13.04.2014 00:00:00";"37,27";"Geprüft"
"14.04.2014 00:00:00";"37,29";"Geprüft"
"15.04.2014 00:00:00";"37,29";"Geprüft"
"16.04.2014 00:00:00";"37,27";"Geprüft"
"17.04.2014 00:00:00";"37,27";"Geprüft"
"18.04.2014 00:00:00";"37,29";"Geprüft"
"19.04.2014 00:00:00";"37,28";"Geprüft"
"20.04.2014 00:00:00";"37,26";"Geprüft"
"21.04.2014 00:00:00";"37,25";"Geprüft"
"22.04.2014 00:00:00";"37,24";"Geprüft"
"23.04.2014 00:00:00";"37,26";"Geprüft"
"24.04.2014 00:00:00";"37,32";"Geprüft"
"25.04.2014 00:00:00";"37,3";"Geprüft"
"26.04.2014 00:00:00";"37,29";"Geprüft"
"27.04.2014 00:00:00";"37,3";"Geprüft"
"28.04.2014 00:00:00";"37,27";"Geprüft"
"29.04.2014 00:00:00";"37,24";"Geprüft"
"30.04.2014 00:00:00";"37,23";"Geprüft"
"01.05.2014 00:00:00";"37,24";"Geprüft"
"02.05.2014 00:00:00";"37,39";"Geprüft"
"03.05.2014 00:00:00";"37,4";"Geprüft"
"04.05.2014 00:00:00";"37,36";"Geprüft"
"05.05.2014 00:00:00";"37,33";"Geprüft"
"06.05.2014 00:00:00";"37,32";"Geprüft"
"07.05.2014 00:00:00";"37,3";"Geprüft"
"08.05.2014 00:00:00";"37,28";"Geprüft"
"09.05.2014 00:00:00";"37,29";"Geprüft"
"10.05.2014 00:00:00";"37,28";"Geprüft"
"11.05.2014 00:00:00";"37,29";"Geprüft"
"12.05.2014 00:00:00";"37,28";"Geprüft"
"13.05.2014 00:00:00";"37,28";"Geprüft"
"14.05.2014 00:00:00";"37,28";"Geprüft"
"15.05.2014 00:00:00";"37,27";"Geprüft"
"16.05.2014 00:00:00";"37,25";"Geprüft"
"17.05.2014 00:00:00";"37,24";"Geprüft"
"18.05.2014 00:00:00";"37,28";"Geprüft"
"19.05.2014 00:00:00";"37,31";"Geprüft"
"20.05.2014 00:00:00";"37,28";"Geprüft"
"21.05.2014 00:00:00";"37,24";"Geprüft"
"22.05.2014 00:00:00";"37,23";"Geprüft"
"23.05.2014 00:00:00";"37,21";"Geprüft"
"24.05.2014 00:00:00";"37,19";"Geprüft"
"25.05.2014 00:00:00";"37,18";"Geprüft"
"26.05.2014 00:00:00";"37,17";"Geprüft"
"27.05.2014 00:00:00";"37,24";"Geprüft"
"28.05.2014 00:00:00";"37,45";"Geprüft"
"29.05.2014 00:00:00";"37,51";"Geprüft"
"30.05.2014 00:00:00";"37,44";"Geprüft"
"31.05.2014 00:00:00";"37,38";"Geprüft"
"01.06.2014 00:00:00";"37,34";"Geprüft"
"02.06.2014 00:00:00";"37,31";"Geprüft"
"03.06.2014 00:00:00";"37,28";"Geprüft"
"04.06.2014 00:00:00";"37,27";"Geprüft"
"05.06.2014 00:00:00";"37,25";"Geprüft"
"06.06.2014 00:00:00";"37,23";"Geprüft"
"07.06.2014 00:00:00";"37,21";"Geprüft"
"08.06.2014 00:00:00";"37,18";"Geprüft"
"09.06.2014 00:00:00";"37,16";"Geprüft"
"10.06.2014 00:00:00";"37,15";"Geprüft"
"11.06.2014 00:00:00";"37,15";"Geprüft"
"12.06.2014 00:00:00";"37,14";"Geprüft"
"13.06.2014 00:00:00";"37,13";"Geprüft"
"14.06.2014 00:00:00";"37,14";"Geprüft"
"15.06.2014 00:00:00";"37,15";"Geprüft"
"16.06.2014 00:00:00";"37,13";"Geprüft"
"17.06.2014 00:00:00";"37,12";"Geprüft"
"18.06.2014 00:00:00";"37,11";"Geprüft"
"19.06.2014 00:00:00";"37,11";"Geprüft"
"20.06.2014 00:00:00";"37,1";"Geprüft"
"21.06.2014 00:00:00";"37,1";"Geprüft"
"22.06.2014 00:00:00";"37,1";"Geprüft"
"23.06.2014 00:00:00";"37,09";"Geprüft"
"24.06.2014 00:00:00";"37,1";"Geprüft"
"25.06.2014 00:00:00";"37,21";"Geprüft"
"26.06.2014 00:00:00";"37,26";"Geprüft"
"27.06.2014 00:00:00";"37,27";"Geprüft"
"28.06.2014 00:00:00";"37,25";"Geprüft"
"29.06.2014 00:00:00";"37,24";"Geprüft"
"30.06.2014 00:00:00";"37,23";"Geprüft"
"01.07.2014 00:00:00";"37,21";"Geprüft"
"02.07.2014 00:00:00";"37,19";"Geprüft"
"03.07.2014 00:00:00";"37,17";"Geprüft"
"04.07.2014 00:00:00";"37,15";"Geprüft"
"05.07.2014 00:00:00";"37,14";"Geprüft"
"06.07.2014 00:00:00";"37,12";"Geprüft"
"07.07.2014 00:00:00";"37,11";"Geprüft"
"08.07.2014 00:00:00";"37,2";"Geprüft"
"09.07.2014 00:00:00";"37,35";"Geprüft"
"10.07.2014 00:00:00";"37,41";"Geprüft"
"11.07.2014 00:00:00";"37,37";"Geprüft"
"12.07.2014 00:00:00";"37,36";"Geprüft"
"13.07.2014 00:00:00";"37,35";"Geprüft"
"14.07.2014 00:00:00";"37,33";"Geprüft"
"15.07.2014 00:00:00";"37,31";"Geprüft"
"16.07.2014 00:00:00";"37,28";"Geprüft"
"17.07.2014 00:00:00";"37,26";"Geprüft"
"18.07.2014 00:00:00";"37,24";"Geprüft"
"19.07.2014 00:00:00";"37,22";"Geprüft"
"20.07.2014 00:00:00";"37,2";"Geprüft"
"21.07.2014 00:00:00";"37,18";"Geprüft"
"22.07.2014 00:00:00";"37,17";"Geprüft"
"23.07.2014 00:00:00";"37,15";"Geprüft"
"24.07.2014 00:00:00";"37,18";"Geprüft"
"25.07.2014 00:00:00";"37,24";"Geprüft"
"26.07.2014 00:00:00";"37,26";"Geprüft"
"27.07.2014 00:00:00";"37,24";"Geprüft"
"28.07.2014 00:00:00";"37,25";"Geprüft"
"29.07.2014 00:00:00";"37,32";"Geprüft"
"30.07.2014 00:00:00";"37,37";"Geprüft"
"31.07.2014 00:00:00";"37,34";"Geprüft"
"01.08.2014 00:00:00";"37,3";"Geprüft"
"02.08.2014 00:00:00";"37,28";"Geprüft"
"03.08.2014 00:00:00";"37,32";"Geprüft"
"04.08.2014 00:00:00";"37,48";"Geprüft"
"05.08.2014 00:00:00";"37,46";"Geprüft"
"06.08.2014 00:00:00";"37,41";"Geprüft"
"07.08.2014 00:00:00";"37,38";"Geprüft"
"08.08.2014 00:00:00";"37,35";"Geprüft"
"09.08.2014 00:00:00";"37,32";"Geprüft"
"10.08.2014 00:00:00";"37,3";"Geprüft"
"11.08.2014 00:00:00";"37,29";"Geprüft"
"12.08.2014 00:00:00";"37,27";"Geprüft"
"13.08.2014 00:00:00";"37,26";"Geprüft"
"14.08.2014 00:00:00";"37,26";"Geprüft"
"15.08.2014 00:00:00";"37,26";"Geprüft"
"16.08.2014 00:00:00";"37,25";"Geprüft"
"17.08.2014 00:00:00";"37,24";"Geprüft"
"18.08.2014 00:00:00";"37,23";"Geprüft"
"19.08.2014 00:00:00";"37,22";"Geprüft"
"20.08.2014 00:00:00";"37,22";"Geprüft"
"21.08.2014 00:00:00";"37,22";"Geprüft"
"22.08.2014 00:00:00";"37,21";"Geprüft"
"23.08.2014 00:00:00";"37,21";"Geprüft"
"24.08.2014 00:00:00";"37,21";"Geprüft"
"25.08.2014 00:00:00";"37,23";"Geprüft"
"26.08.2014 00:00:00";"37,29";"Geprüft"
"27.08.2014 00:00:00";"37,29";"Geprüft"
"28.08.2014 00:00:00";"37,27";"Geprüft"
"29.08.2014 00:00:00";"37,26";"Geprüft"
"30.08.2014 00:00:00";"37,26";"Geprüft"
"31.08.2014 00:00:00";"37,26";"Geprüft"
"01.09.2014 00:00:00";"37,26";"Geprüft"
"02.09.2014 00:00:00";"37,29";"Geprüft"
"03.09.2014 00:00:00";"37,28";"Geprüft"
"04.09.2014 00:00:00";"37,26";"Geprüft"
"05.09.2014 00:00:00";"37,25";"Geprüft"
"06.09.2014 00:00:00";"37,24";"Geprüft"
"07.09.2014 00:00:00";"37,29";"Geprüft"
"08.09.2014 00:00:00";"37,3";"Geprüft"
"09.09.2014 00:00:00";"37,29";"Geprüft"
"10.09.2014 00:00:00";"37,29";"Geprüft"
"11.09.2014 00:00:00";"37,33";"Geprüft"
"12.09.2014 00:00:00";"37,33";"Geprüft"
"13.09.2014 00:00:00";"37,33";"Geprüft"
"14.09.2014 00:00:00";"37,37";"Geprüft"
"15.09.2014 00:00:00";"37,37";"Geprüft"
"16.09.2014 00:00:00";"37,35";"Geprüft"
"17.09.2014 00:00:00";"37,33";"Geprüft"
"18.09.2014 00:00:00";"37,32";"Geprüft"
"19.09.2014 00:00:00";"37,32";"Geprüft"
"20.09.2014 00:00:00";"37,35";"Geprüft"
"21.09.2014 00:00:00";"37,36";"Geprüft"
"22.09.2014 00:00:00";"37,36";"Geprüft"
"23.09.2014 00:00:00";"37,35";"Geprüft"
"24.09.2014 00:00:00";"37,34";"Geprüft"
"25.09.2014 00:00:00";"37,33";"Geprüft"
"26.09.2014 00:00:00";"37,32";"Geprüft"
"27.09.2014 00:00:00";"37,32";"Geprüft"
"28.09.2014 00:00:00";"37,31";"Geprüft"
"29.09.2014 00:00:00";"37,31";"Geprüft"
"30.09.2014 00:00:00";"37,31";"Geprüft"
"01.10.2014 00:00:00";"37,31";"Geprüft"
"02.10.2014 00:00:00";"37,31";"Geprüft"
"03.10.2014 00:00:00";"37,3";"Geprüft"
"04.10.2014 00:00:00";"37,3";"Geprüft"
"05.10.2014 00:00:00";"37,29";"Geprüft"
"06.10.2014 00:00:00";"37,29";"Geprüft"
"07.10.2014 00:00:00";"37,29";"Geprüft"
"08.10.2014 00:00:00";"37,3";"Geprüft"
"09.10.2014 00:00:00";"37,31";"Geprüft"
"10.10.2014 00:00:00";"37,31";"Geprüft"
"11.10.2014 00:00:00";"37,32";"Geprüft"
"12.10.2014 00:00:00";"37,32";"Geprüft"
"13.10.2014 00:00:00";"37,31";"Geprüft"
"14.10.2014 00:00:00";"37,31";"Geprüft"
"15.10.2014 00:00:00";"37,38";"Geprüft"
"16.10.2014 00:00:00";"37,39";"Geprüft"
"17.10.2014 00:00:00";"37,41";"Geprüft"
"18.10.2014 00:00:00";"37,41";"Geprüft"
"19.10.2014 00:00:00";"37,4";"Geprüft"
"20.10.2014 00:00:00";"37,41";"Geprüft"
"21.10.2014 00:00:00";"37,42";"Geprüft"
"22.10.2014 00:00:00";"37,53";"Geprüft"
"23.10.2014 00:00:00";"37,51";"Geprüft"
"24.10.2014 00:00:00";"37,47";"Geprüft"
"25.10.2014 00:00:00";"37,45";"Geprüft"
"26.10.2014 00:00:00";"37,44";"Geprüft"
"27.10.2014 00:00:00";"37,43";"Geprüft"
"28.10.2014 00:00:00";"37,42";"Geprüft"
"29.10.2014 00:00:00";"37,4";"Geprüft"
"30.10.2014 00:00:00";"37,41";"Geprüft"
"31.10.2014 00:00:00";"37,4";"Geprüft"
"01.11.2014 00:00:00";"37,4";"Geprüft"
"02.11.2014 00:00:00";"37,39";"Geprüft"
"03.11.2014 00:00:00";"37,38";"Geprüft"
"04.11.2014 00:00:00";"37,38";"Geprüft"
"05.11.2014 00:00:00";"37,37";"Geprüft"
"06.11.2014 00:00:00";"37,39";"Geprüft"
"07.11.2014 00:00:00";"37,4";"Geprüft"
"08.11.2014 00:00:00";"37,38";"Geprüft"
"09.11.2014 00:00:00";"37,38";"Geprüft"
"10.11.2014 00:00:00";"37,38";"Geprüft"
"11.11.2014 00:00:00";"37,38";"Geprüft"
"12.11.2014 00:00:00";"37,38";"Geprüft"
"13.11.2014 00:00:00";"37,38";"Geprüft"
"14.11.2014 00:00:00";"37,38";"Geprüft"
"15.11.2014 00:00:00";"37,38";"Geprüft"
"16.11.2014 00:00:00";"37,38";"Geprüft"
"17.11.2014 00:00:00";"37,37";"Geprüft"
"18.11.2014 00:00:00";"37,37";"Geprüft"
"19.11.2014 00:00:00";"37,38";"Geprüft"
"20.11.2014 00:00:00";"37,39";"Geprüft"
"21.11.2014 00:00:00";"37,38";"Geprüft"
"22.11.2014 00:00:00";"37,37";"Geprüft"
"23.11.2014 00:00:00";"37,37";"Geprüft"
"24.11.2014 00:00:00";"37,38";"Geprüft"
"25.11.2014 00:00:00";"37,38";"Geprüft"
"26.11.2014 00:00:00";"37,38";"Geprüft"
"27.11.2014 00:00:00";"37,38";"Geprüft"
"28.11.2014 00:00:00";"37,37";"Geprüft"
"29.11.2014 00:00:00";"37,36";"Geprüft"
"30.11.2014 00:00:00";"37,35";"Geprüft"
"01.12.2014 00:00:00";"37,34";"Geprüft"
"02.12.2014 00:00:00";"37,33";"Geprüft"
"03.12.2014 00:00:00";"37,34";"Geprüft"
"04.12.2014 00:00:00";"37,36";"Geprüft"
"05.12.2014 00:00:00";"37,37";"Geprüft"
"06.12.2014 00:00:00";"37,37";"Geprüft"
"07.12.2014 00:00:00";"37,37";"Geprüft"
"08.12.2014 00:00:00";"37,39";"Geprüft"
"09.12.2014 00:00:00";"37,36";"Geprüft"
"10.12.2014 00:00:00";"37,35";"Geprüft"
"11.12.2014 00:00:00";"37,35";"Geprüft"
"12.12.2014 00:00:00";"37,38";"Geprüft"
"13.12.2014 00:00:00";"37,37";"Geprüft"
"14.12.2014 00:00:00";"37,36";"Geprüft"
"15.12.2014 00:00:00";"37,35";"Geprüft"
"16.12.2014 00:00:00";"37,35";"Geprüft"
"17.12.2014 00:00:00";"37,36";"Geprüft"
"18.12.2014 00:00:00";"37,37";"Geprüft"
"19.12.2014 00:00:00";"37,41";"Geprüft"
"20.12.2014 00:00:00";"37,43";"Geprüft"
"21.12.2014 00:00:00";"37,49";"Geprüft"
"22.12.2014 00:00:00";"37,48";"Geprüft"
"23.12.2014 00:00:00";"37,55";"Geprüft"
"24.12.2014 00:00:00";"37,51";"Geprüft"
"25.12.2014 00:00:00";"37,48";"Geprüft"
"26.12.2014 00:00:00";"37,47";"Geprüft"
"27.12.2014 00:00:00";"37,43";"Geprüft"
"28.12.2014 00:00:00";"37,37";"Geprüft"
"29.12.2014 00:00:00";"37,37";"Geprüft"
"30.12.2014 00:00:00";"37,38";"Geprüft"
"31.12.2014 00:00:00";"37,41";"Geprüft"
"01.01.2015 00:00:00";"37,51";"Geprüft"
"02.01.2015 00:00:00";"37,54";"Geprüft"
"03.01.2015 00:00:00";"37,51";"Geprüft"
"04.01.2015 00:00:00";"37,48";"Geprüft"
"05.01.2015 00:00:00";"37,5";"Geprüft"
"06.01.2015 00:00:00";"37,5";"Geprüft"
"07.01.2015 00:00:00";"37,48";"Geprüft"
"08.01.2015 00:00:00";"37,5";"Geprüft"
"09.01.2015 00:00:00";"37,59";"Geprüft"
"10.01.2015 00:00:00";"37,65";"Geprüft"
"11.01.2015 00:00:00";"37,62";"Geprüft"
"12.01.2015 00:00:00";"37,63";"Geprüft"
"13.01.2015 00:00:00";"37,57";"Geprüft"
"14.01.2015 00:00:00";"37,56";"Geprüft"
"15.01.2015 00:00:00";"37,54";"Geprüft"
"16.01.2015 00:00:00";"37,52";"Geprüft"
"17.01.2015 00:00:00";"37,63";"Geprüft"
"18.01.2015 00:00:00";"37,55";"Geprüft"
"19.01.2015 00:00:00";"37,51";"Geprüft"
"20.01.2015 00:00:00";"37,54";"Geprüft"
"21.01.2015 00:00:00";"37,54";"Geprüft"
"22.01.2015 00:00:00";"37,51";"Geprüft"
"23.01.2015 00:00:00";"37,5";"Geprüft"
"24.01.2015 00:00:00";"37,49";"Geprüft"
"25.01.2015 00:00:00";"37,48";"Geprüft"
"26.01.2015 00:00:00";"37,49";"Geprüft"
"27.01.2015 00:00:00";"37,58";"Geprüft"
"28.01.2015 00:00:00";"37,57";"Geprüft"
"29.01.2015 00:00:00";"37,56";"Geprüft"
"30.01.2015 00:00:00";"37,57";"Geprüft"
"31.01.2015 00:00:00";"37,55";"Geprüft"
"01.02.2015 00:00:00";"37,52";"Geprüft"
"02.02.2015 00:00:00";"37,49";"Geprüft"
"03.02.2015 00:00:00";"37,5";"Geprüft"
"04.02.2015 00:00:00";"37,5";"Geprüft"
"05.02.2015 00:00:00";"37,47";"Geprüft"
"06.02.2015 00:00:00";"37,45";"Geprüft"
"07.02.2015 00:00:00";"37,44";"Geprüft"
"08.02.2015 00:00:00";"37,46";"Geprüft"
"09.02.2015 00:00:00";"37,49";"Geprüft"
"10.02.2015 00:00:00";"37,48";"Geprüft"
"11.02.2015 00:00:00";"37,47";"Geprüft"
"12.02.2015 00:00:00";"37,45";"Geprüft"
"13.02.2015 00:00:00";"37,43";"Geprüft"
"14.02.2015 00:00:00";"37,42";"Geprüft"
"15.02.2015 00:00:00";"37,4";"Geprüft"
"16.02.2015 00:00:00";"37,41";"Geprüft"
"17.02.2015 00:00:00";"37,39";"Geprüft"
"18.02.2015 00:00:00";"37,4";"Geprüft"
"19.02.2015 00:00:00";"37,39";"Geprüft"
"20.02.2015 00:00:00";"37,39";"Geprüft"
"21.02.2015 00:00:00";"37,39";"Geprüft"
"22.02.2015 00:00:00";"37,37";"Geprüft"
"23.02.2015 00:00:00";"37,38";"Geprüft"
"24.02.2015 00:00:00";"37,39";"Geprüft"
"25.02.2015 00:00:00";"37,38";"Geprüft"
"26.02.2015 00:00:00";"37,37";"Geprüft"
"27.02.2015 00:00:00";"37,36";"Geprüft"
"28.02.2015 00:00:00";"37,36";"Geprüft"
"01.03.2015 00:00:00";"37,37";"Geprüft"
"02.03.2015 00:00:00";"37,39";"Geprüft"
"03.03.2015 00:00:00";"37,37";"Geprüft"
"04.03.2015 00:00:00";"37,38";"Geprüft"
"05.03.2015 00:00:00";"37,36";"Geprüft"
"06.03.2015 00:00:00";"37,35";"Geprüft"
"07.03.2015 00:00:00";"37,35";"Geprüft"
"08.03.2015 00:00:00";"37,34";"Geprüft"
"09.03.2015 00:00:00";"37,33";"Geprüft"
"10.03.2015 00:00:00";"37,33";"Geprüft"
"11.03.2015 00:00:00";"37,34";"Geprüft"
"12.03.2015 00:00:00";"37,34";"Geprüft"
"13.03.2015 00:00:00";"37,34";"Geprüft"
"14.03.2015 00:00:00";"37,35";"Geprüft"
"15.03.2015 00:00:00";"37,36";"Geprüft"
"16.03.2015 00:00:00";"37,34";"Geprüft"
"17.03.2015 00:00:00";"37,32";"Geprüft"
"18.03.2015 00:00:00";"37,31";"Geprüft"
"19.03.2015 00:00:00";"37,3";"Geprüft"
"20.03.2015 00:00:00";"37,3";"Geprüft"
"21.03.2015 00:00:00";"37,3";"Geprüft"
"22.03.2015 00:00:00";"37,31";"Geprüft"
"23.03.2015 00:00:00";"37,31";"Geprüft"
"24.03.2015 00:00:00";"37,3";"Geprüft"
"25.03.2015 00:00:00";"37,3";"Geprüft"
"26.03.2015 00:00:00";"37,3";"Geprüft"
"27.03.2015 00:00:00";"37,31";"Geprüft"
"28.03.2015 00:00:00";"37,3";"Geprüft"
"29.03.2015 00:00:00";"37,33";"Geprüft"
"30.03.2015 00:00:00";"37,36";"Geprüft"
"01.04.2015 00:00:00";"37,4";"Geprüft"
"02.04.2015 00:00:00";"37,41";"Geprüft"
"03.04.2015 00:00:00";"37,4";"Geprüft"
"04.04.2015 00:00:00";"37,38";"Geprüft"
"05.04.2015 00:00:00";"37,36";"Geprüft"
"06.04.2015 00:00:00";"37,34";"Geprüft"
"07.04.2015 00:00:00";"37,33";"Geprüft"
"08.04.2015 00:00:00";"37,32";"Geprüft"
"09.04.2015 00:00:00";"37,31";"Geprüft"
"10.04.2015 00:00:00";"37,3";"Geprüft"
"11.04.2015 00:00:00";"37,28";"Geprüft"
"12.04.2015 00:00:00";"37,27";"Geprüft"
"13.04.2015 00:00:00";"37,25";"Geprüft"
"14.04.2015 00:00:00";"37,25";"Geprüft"
"15.04.2015 00:00:00";"37,24";"Geprüft"
"16.04.2015 00:00:00";"37,23";"Geprüft"
"17.04.2015 00:00:00";"37,23";"Geprüft"
"18.04.2015 00:00:00";"37,23";"Geprüft"
"19.04.2015 00:00:00";"37,22";"Geprüft"
"20.04.2015 00:00:00";"37,22";"Geprüft"
"21.04.2015 00:00:00";"37,21";"Geprüft"
"22.04.2015 00:00:00";"37,2";"Geprüft"
"23.04.2015 00:00:00";"37,2";"Geprüft"
"24.04.2015 00:00:00";"37,19";"Geprüft"
"25.04.2015 00:00:00";"37,18";"Geprüft"
"26.04.2015 00:00:00";"37,18";"Geprüft"
"27.04.2015 00:00:00";"37,2";"Geprüft"
"28.04.2015 00:00:00";"37,23";"Geprüft"
"29.04.2015 00:00:00";"37,24";"Geprüft"
"30.04.2015 00:00:00";"37,23";"Geprüft"
"01.05.2015 00:00:00";"37,23";"Geprüft"
"02.05.2015 00:00:00";"37,21";"Geprüft"
"03.05.2015 00:00:00";"37,2";"Geprüft"
"04.05.2015 00:00:00";"37,22";"Geprüft"
"05.05.2015 00:00:00";"37,22";"Geprüft"
"06.05.2015 00:00:00";"37,2";"Geprüft"
"07.05.2015 00:00:00";"37,18";"Geprüft"
"08.05.2015 00:00:00";"37,17";"Geprüft"
"09.05.2015 00:00:00";"37,17";"Geprüft"
"10.05.2015 00:00:00";"37,22";"Geprüft"
"11.05.2015 00:00:00";"37,21";"Geprüft"
"12.05.2015 00:00:00";"37,2";"Geprüft"
"13.05.2015 00:00:00";"37,23";"Geprüft"
"14.05.2015 00:00:00";"37,22";"Geprüft"
"15.05.2015 00:00:00";"37,2";"Geprüft"
"16.05.2015 00:00:00";"37,18";"Geprüft"
"17.05.2015 00:00:00";"37,17";"Geprüft"
"18.05.2015 00:00:00";"37,17";"Geprüft"
"19.05.2015 00:00:00";"37,15";"Geprüft"
"20.05.2015 00:00:00";"37,15";"Geprüft"
"21.05.2015 00:00:00";"37,14";"Geprüft"
"22.05.2015 00:00:00";"37,14";"Geprüft"
"23.05.2015 00:00:00";"37,14";"Geprüft"
"24.05.2015 00:00:00";"37,13";"Geprüft"
"25.05.2015 00:00:00";"37,13";"Geprüft"
"26.05.2015 00:00:00";"37,13";"Geprüft"
"27.05.2015 00:00:00";"37,13";"Geprüft"
"28.05.2015 00:00:00";"37,13";"Geprüft"
"29.05.2015 00:00:00";"37,12";"Geprüft"
"30.05.2015 00:00:00";"37,12";"Geprüft"
"31.05.2015 00:00:00";"37,12";"Geprüft"
"01.06.2015 00:00:00";"37,13";"Geprüft"
"02.06.2015 00:00:00";"37,13";"Geprüft"
"03.06.2015 00:00:00";"37,1";"Geprüft"
"04.06.2015 00:00:00";"37,09";"Geprüft"
"05.06.2015 00:00:00";"37,08";"Geprüft"
"06.06.2015 00:00:00";"37,07";"Geprüft"
"07.06.2015 00:00:00";"37,06";"Geprüft"
"08.06.2015 00:00:00";"37,06";"Geprüft"
"09.06.2015 00:00:00";"37,07";"Geprüft"
"10.06.2015 00:00:00";"37,07";"Geprüft"
"11.06.2015 00:00:00";"37,06";"Geprüft"
"12.06.2015 00:00:00";"37,05";"Geprüft"
"13.06.2015 00:00:00";"37,05";"Geprüft"
"14.06.2015 00:00:00";"37,04";"Geprüft"
"15.06.2015 00:00:00";"37,03";"Geprüft"
"16.06.2015 00:00:00";"37,03";"Geprüft"
"17.06.2015 00:00:00";"37,03";"Geprüft"
"18.06.2015 00:00:00";"37,04";"Geprüft"
"19.06.2015 00:00:00";"37,04";"Geprüft"
"20.06.2015 00:00:00";"37,06";"Geprüft"
"21.06.2015 00:00:00";"37,07";"Geprüft"
"22.06.2015 00:00:00";"37,07";"Geprüft"
"23.06.2015 00:00:00";"37,15";"Geprüft"
"24.06.2015 00:00:00";"37,19";"Geprüft"
"25.06.2015 00:00:00";"37,18";"Geprüft"
"26.06.2015 00:00:00";"37,17";"Geprüft"
"27.06.2015 00:00:00";"37,18";"Geprüft"
"28.06.2015 00:00:00";"37,18";"Geprüft"
"29.06.2015 00:00:00";"37,16";"Geprüft"
"30.06.2015 00:00:00";"37,15";"Geprüft"
"01.07.2015 00:00:00";"37,12";"Geprüft"
"02.07.2015 00:00:00";"37,1";"Geprüft"
"03.07.2015 00:00:00";"37,07";"Geprüft"
"04.07.2015 00:00:00";"37,06";"Geprüft"
"05.07.2015 00:00:00";"37,04";"Geprüft"
"06.07.2015 00:00:00";"37,07";"Geprüft"
"07.07.2015 00:00:00";"37,09";"Geprüft"
"08.07.2015 00:00:00";"37,14";"Geprüft"
"09.07.2015 00:00:00";"37,15";"Geprüft"
"10.07.2015 00:00:00";"37,14";"Geprüft"
"11.07.2015 00:00:00";"37,14";"Geprüft"
"12.07.2015 00:00:00";"37,13";"Geprüft"
"13.07.2015 00:00:00";"37,15";"Geprüft"
"14.07.2015 00:00:00";"37,19";"Geprüft"
"15.07.2015 00:00:00";"37,21";"Geprüft"
"16.07.2015 00:00:00";"37,21";"Geprüft"
"17.07.2015 00:00:00";"37,2";"Geprüft"
"18.07.2015 00:00:00";"37,19";"Geprüft"
"19.07.2015 00:00:00";"37,2";"Geprüft"
"20.07.2015 00:00:00";"37,2";"Geprüft"
"21.07.2015 00:00:00";"37,2";"Geprüft"
"22.07.2015 00:00:00";"37,22";"Geprüft"
"23.07.2015 00:00:00";"37,24";"Geprüft"
"24.07.2015 00:00:00";"37,23";"Geprüft"
"25.07.2015 00:00:00";"37,22";"Geprüft"
"26.07.2015 00:00:00";"37,2";"Geprüft"
"27.07.2015 00:00:00";"37,2";"Geprüft"
"28.07.2015 00:00:00";"37,23";"Geprüft"
"29.07.2015 00:00:00";"37,22";"Geprüft"
"30.07.2015 00:00:00";"37,2";"Geprüft"
"31.07.2015 00:00:00";"37,19";"Geprüft"
"01.08.2015 00:00:00";"37,18";"Geprüft"
"02.08.2015 00:00:00";"37,16";"Geprüft"
"03.08.2015 00:00:00";"37,15";"Geprüft"
"04.08.2015 00:00:00";"37,14";"Geprüft"
"05.08.2015 00:00:00";"37,13";"Geprüft"
"06.08.2015 00:00:00";"37,12";"Geprüft"
"07.08.2015 00:00:00";"37,11";"Geprüft"
"08.08.2015 00:00:00";"37,1";"Geprüft"
"09.08.2015 00:00:00";"37,1";"Geprüft"
"10.08.2015 00:00:00";"37,09";"Geprüft"
"11.08.2015 00:00:00";"37,08";"Geprüft"
"12.08.2015 00:00:00";"37,08";"Geprüft"
"13.08.2015 00:00:00";"37,08";"Geprüft"
"14.08.2015 00:00:00";"37,07";"Geprüft"
"15.08.2015 00:00:00";"37,07";"Geprüft"
"16.08.2015 00:00:00";"37,08";"Geprüft"
"17.08.2015 00:00:00";"37,1";"Geprüft"
"18.08.2015 00:00:00";"37,11";"Geprüft"
"19.08.2015 00:00:00";"37,12";"Geprüft"
"20.08.2015 00:00:00";"37,11";"Geprüft"
"21.08.2015 00:00:00";"37,1";"Geprüft"
"22.08.2015 00:00:00";"37,09";"Geprüft"
"23.08.2015 00:00:00";"37,08";"Geprüft"
"24.08.2015 00:00:00";"37,07";"Geprüft"
"25.08.2015 00:00:00";"37,09";"Geprüft"
"26.08.2015 00:00:00";"37,1";"Geprüft"
"27.08.2015 00:00:00";"37,09";"Geprüft"
"28.08.2015 00:00:00";"37,09";"Geprüft"
"29.08.2015 00:00:00";"37,1";"Geprüft"
"30.08.2015 00:00:00";"37,1";"Geprüft"
"31.08.2015 00:00:00";"37,09";"Geprüft"
"01.09.2015 00:00:00";"37,1";"Geprüft"
"02.09.2015 00:00:00";"37,12";"Geprüft"
"03.09.2015 00:00:00";"37,13";"Geprüft"
"04.09.2015 00:00:00";"37,14";"Geprüft"
"05.09.2015 00:00:00";"37,14";"Geprüft"
"06.09.2015 00:00:00";"37,15";"Geprüft"
"07.09.2015 00:00:00";"37,18";"Geprüft"
"08.09.2015 00:00:00";"37,18";"Geprüft"
"09.09.2015 00:00:00";"37,17";"Geprüft"
"10.09.2015 00:00:00";"37,17";"Geprüft"
"11.09.2015 00:00:00";"37,19";"Geprüft"
"12.09.2015 00:00:00";"37,19";"Geprüft"
"13.09.2015 00:00:00";"37,18";"Geprüft"
"14.09.2015 00:00:00";"37,18";"Geprüft"
"15.09.2015 00:00:00";"37,18";"Geprüft"
"16.09.2015 00:00:00";"37,18";"Geprüft"
"17.09.2015 00:00:00";"37,17";"Geprüft"
"18.09.2015 00:00:00";"37,17";"Geprüft"
"19.09.2015 00:00:00";"37,17";"Geprüft"
"20.09.2015 00:00:00";"37,17";"Geprüft"
"21.09.2015 00:00:00";"37,17";"Geprüft"
"22.09.2015 00:00:00";"37,16";"Geprüft"
"23.09.2015 00:00:00";"37,16";"Geprüft"
"24.09.2015 00:00:00";"37,16";"Geprüft"
"25.09.2015 00:00:00";"37,15";"Geprüft"
"26.09.2015 00:00:00";"37,15";"Geprüft"
"27.09.2015 00:00:00";"37,14";"Geprüft"
"28.09.2015 00:00:00";"37,14";"Geprüft"
"29.09.2015 00:00:00";"37,14";"Geprüft"
"30.09.2015 00:00:00";"37,13";"Geprüft"
"01.10.2015 00:00:00";"37,13";"Geprüft"
"02.10.2015 00:00:00";"37,13";"Geprüft"
"03.10.2015 00:00:00";"37,13";"Geprüft"
"04.10.2015 00:00:00";"37,13";"Geprüft"
"05.10.2015 00:00:00";"37,13";"Geprüft"
"06.10.2015 00:00:00";"37,13";"Geprüft"
"07.10.2015 00:00:00";"37,13";"Geprüft"
"08.10.2015 00:00:00";"37,21";"Geprüft"
"09.10.2015 00:00:00";"37,26";"Geprüft"
"10.10.2015 00:00:00";"37,24";"Geprüft"
"11.10.2015 00:00:00";"37,23";"Geprüft"
"12.10.2015 00:00:00";"37,22";"Geprüft"
"13.10.2015 00:00:00";"37,22";"Geprüft"
"14.10.2015 00:00:00";"37,24";"Geprüft"
"15.10.2015 00:00:00";"37,28";"Geprüft"
"16.10.2015 00:00:00";"37,36";"Geprüft"
"17.10.2015 00:00:00";"37,39";"Geprüft"
"18.10.2015 00:00:00";"37,36";"Geprüft"
"19.10.2015 00:00:00";"37,37";"Geprüft"
"20.10.2015 00:00:00";"37,37";"Geprüft"
"21.10.2015 00:00:00";"37,36";"Geprüft"
"22.10.2015 00:00:00";"37,35";"Geprüft"
"23.10.2015 00:00:00";"37,34";"Geprüft"
"24.10.2015 00:00:00";"37,34";"Geprüft"
"25.10.2015 00:00:00";"37,33";"Geprüft"
"26.10.2015 00:00:00";"37,33";"Geprüft"
"27.10.2015 00:00:00";"37,33";"Geprüft"
"28.10.2015 00:00:00";"37,33";"Geprüft"
"29.10.2015 00:00:00";"37,32";"Geprüft"
"30.10.2015 00:00:00";"37,32";"Geprüft"
"31.10.2015 00:00:00";"37,32";"Geprüft"
"01.11.2015 00:00:00";"37,32";"Geprüft"
"02.11.2015 00:00:00";"37,32";"Geprüft"
"03.11.2015 00:00:00";"37,32";"Geprüft"
"04.11.2015 00:00:00";"37,32";"Geprüft"
"05.11.2015 00:00:00";"37,33";"Geprüft"
"06.11.2015 00:00:00";"37,33";"Geprüft"
"07.11.2015 00:00:00";"37,35";"Geprüft"
"08.11.2015 00:00:00";"37,34";"Geprüft"
"09.11.2015 00:00:00";"37,35";"Geprüft"
"10.11.2015 00:00:00";"37,34";"Geprüft"
"11.11.2015 00:00:00";"37,34";"Geprüft"
"12.11.2015 00:00:00";"37,33";"Geprüft"
"13.11.2015 00:00:00";"37,33";"Geprüft"
"14.11.2015 00:00:00";"37,33";"Geprüft"
"15.11.2015 00:00:00";"37,48";"Geprüft"
"16.11.2015 00:00:00";"37,6";"Geprüft"
"17.11.2015 00:00:00";"37,56";"Geprüft"
"18.11.2015 00:00:00";"37,59";"Geprüft"
"19.11.2015 00:00:00";"37,55";"Geprüft"
"20.11.2015 00:00:00";"37,55";"Geprüft"
"21.11.2015 00:00:00";"37,53";"Geprüft"
"22.11.2015 00:00:00";"37,53";"Geprüft"
"23.11.2015 00:00:00";"37,5";"Geprüft"
"24.11.2015 00:00:00";"37,49";"Geprüft"
"25.11.2015 00:00:00";"37,48";"Geprüft"
"26.11.2015 00:00:00";"37,46";"Geprüft"
"27.11.2015 00:00:00";"37,45";"Geprüft"
"28.11.2015 00:00:00";"37,47";"Geprüft"
"29.11.2015 00:00:00";"37,5";"Geprüft"
"30.11.2015 00:00:00";"37,66";"Geprüft"
"01.12.2015 00:00:00";"37,67";"Geprüft"
"02.12.2015 00:00:00";"37,64";"Geprüft"
"03.12.2015 00:00:00";"37,58";"Geprüft"
"04.12.2015 00:00:00";"37,55";"Geprüft"
"05.12.2015 00:00:00";"37,53";"Geprüft"
"06.12.2015 00:00:00";"37,51";"Geprüft"
"07.12.2015 00:00:00";"37,48";"Geprüft"
"08.12.2015 00:00:00";"37,48";"Geprüft"
"09.12.2015 00:00:00";"37,45";"Geprüft"
"10.12.2015 00:00:00";"37,43";"Geprüft"
"11.12.2015 00:00:00";"37,41";"Geprüft"
"12.12.2015 00:00:00";"37,4";"Geprüft"
"13.12.2015 00:00:00";"37,48";"Geprüft"
"14.12.2015 00:00:00";"37,43";"Geprüft"
"15.12.2015 00:00:00";"37,41";"Geprüft"
"16.12.2015 00:00:00";"37,4";"Geprüft"
"17.12.2015 00:00:00";"37,39";"Geprüft"
"18.12.2015 00:00:00";"37,45";"Geprüft"
"19.12.2015 00:00:00";"37,45";"Geprüft"
"20.12.2015 00:00:00";"37,42";"Geprüft"
"21.12.2015 00:00:00";"37,44";"Geprüft"
"22.12.2015 00:00:00";"37,43";"Geprüft"
"23.12.2015 00:00:00";"37,4";"Geprüft"
"24.12.2015 00:00:00";"37,38";"Geprüft"
"25.12.2015 00:00:00";"37,37";"Geprüft"
"26.12.2015 00:00:00";"37,37";"Geprüft"
"27.12.2015 00:00:00";"37,36";"Geprüft"
"28.12.2015 00:00:00";"37,35";"Geprüft"
"29.12.2015 00:00:00";"37,35";"Geprüft"
"30.12.2015 00:00:00";"37,34";"Geprüft"
"31.12.2015 00:00:00";"37,33";"Geprüft"
"01.01.2016 00:00:00";"37,34";"Geprüft"
"02.01.2016 00:00:00";"37,33";"Geprüft"
"03.01.2016 00:00:00";"37,31";"Geprüft"
"04.01.2016 00:00:00";"37,28";"Geprüft"
"05.01.2016 00:00:00";"37,27";"Geprüft"
"06.01.2016 00:00:00";"37,29";"Geprüft"
"07.01.2016 00:00:00";"37,31";"Geprüft"
"08.01.2016 00:00:00";"37,34";"Geprüft"
"09.01.2016 00:00:00";"37,35";"Geprüft"
"10.01.2016 00:00:00";"37,35";"Geprüft"
"11.01.2016 00:00:00";"37,36";"Geprüft"
"12.01.2016 00:00:00";"37,47";"Geprüft"
"13.01.2016 00:00:00";"37,53";"Geprüft"
"14.01.2016 00:00:00";"37,52";"Geprüft"
"15.01.2016 00:00:00";"37,49";"Geprüft"
"16.01.2016 00:00:00";"37,47";"Geprüft"
"17.01.2016 00:00:00";"37,45";"Geprüft"
"18.01.2016 00:00:00";"37,44";"Geprüft"
"19.01.2016 00:00:00";"37,4";"Geprüft"
"20.01.2016 00:00:00";"37,39";"Geprüft"
"21.01.2016 00:00:00";"37,38";"Geprüft"
"22.01.2016 00:00:00";"37,35";"Geprüft"
"23.01.2016 00:00:00";"37,34";"Geprüft"
"24.01.2016 00:00:00";"37,46";"Geprüft"
"25.01.2016 00:00:00";"37,55";"Geprüft"
"26.01.2016 00:00:00";"37,53";"Geprüft"
"27.01.2016 00:00:00";"37,52";"Geprüft"
"28.01.2016 00:00:00";"37,5";"Geprüft"
"29.01.2016 00:00:00";"37,48";"Geprüft"
"30.01.2016 00:00:00";"37,49";"Geprüft"
"31.01.2016 00:00:00";"37,5";"Geprüft"
"01.02.2016 00:00:00";"37,5";"Geprüft"
"02.02.2016 00:00:00";"37,5";"Geprüft"
"03.02.2016 00:00:00";"37,49";"Geprüft"
"04.02.2016 00:00:00";"37,51";"Geprüft"
"05.02.2016 00:00:00";"37,52";"Geprüft"
"06.02.2016 00:00:00";"37,51";"Geprüft"
"07.02.2016 00:00:00";"37,49";"Geprüft"
"08.02.2016 00:00:00";"37,49";"Geprüft"
"09.02.2016 00:00:00";"37,5";"Geprüft"
"10.02.2016 00:00:00";"37,5";"Geprüft"
"11.02.2016 00:00:00";"37,47";"Geprüft"
"12.02.2016 00:00:00";"37,46";"Geprüft"
"13.02.2016 00:00:00";"37,45";"Geprüft"
"14.02.2016 00:00:00";"37,46";"Geprüft"
"15.02.2016 00:00:00";"37,44";"Geprüft"
"16.02.2016 00:00:00";"37,42";"Geprüft"
"17.02.2016 00:00:00";"37,43";"Geprüft"
"18.02.2016 00:00:00";"37,46";"Geprüft"
"19.02.2016 00:00:00";"37,45";"Geprüft"
"20.02.2016 00:00:00";"37,45";"Geprüft"
"21.02.2016 00:00:00";"37,56";"Geprüft"
"22.02.2016 00:00:00";"37,7";"Geprüft"
"23.02.2016 00:00:00";"37,64";"Geprüft"
"24.02.2016 00:00:00";"37,58";"Geprüft"
"25.02.2016 00:00:00";"37,56";"Geprüft"
"26.02.2016 00:00:00";"37,53";"Geprüft"
"27.02.2016 00:00:00";"37,5";"Geprüft"
"28.02.2016 00:00:00";"37,47";"Geprüft"
"29.02.2016 00:00:00";"37,45";"Geprüft"
"01.03.2016 00:00:00";"37,43";"Geprüft"
"02.03.2016 00:00:00";"37,43";"Geprüft"
"03.03.2016 00:00:00";"37,41";"Geprüft"
"04.03.2016 00:00:00";"37,4";"Geprüft"
"05.03.2016 00:00:00";"37,39";"Geprüft"
"06.03.2016 00:00:00";"37,48";"Geprüft"
"07.03.2016 00:00:00";"37,49";"Geprüft"
"08.03.2016 00:00:00";"37,46";"Geprüft"
"09.03.2016 00:00:00";"37,43";"Geprüft"
"10.03.2016 00:00:00";"37,41";"Geprüft"
"11.03.2016 00:00:00";"37,39";"Geprüft"
"12.03.2016 00:00:00";"37,38";"Geprüft"
"13.03.2016 00:00:00";"37,37";"Geprüft"
"14.03.2016 00:00:00";"37,37";"Geprüft"
"15.03.2016 00:00:00";"37,37";"Geprüft"
"16.03.2016 00:00:00";"37,36";"Geprüft"
"17.03.2016 00:00:00";"37,35";"Geprüft"
"18.03.2016 00:00:00";"37,34";"Geprüft"
"19.03.2016 00:00:00";"37,35";"Geprüft"
"20.03.2016 00:00:00";"37,35";"Geprüft"
"21.03.2016 00:00:00";"37,35";"Geprüft"
"22.03.2016 00:00:00";"37,37";"Geprüft"
"23.03.2016 00:00:00";"37,37";"Geprüft"
"24.03.2016 00:00:00";"37,36";"Geprüft"
"25.03.2016 00:00:00";"37,36";"Geprüft"
"26.03.2016 00:00:00";"37,39";"Geprüft"
"27.03.2016 00:00:00";"37,37";"Geprüft"
"28.03.2016 00:00:00";"37,36";"Geprüft"
"29.03.2016 00:00:00";"37,36";"Geprüft"
"30.03.2016 00:00:00";"37,37";"Geprüft"
"31.03.2016 00:00:00";"37,37";"Geprüft"
"01.04.2016 00:00:00";"37,4";"Geprüft"
"02.04.2016 00:00:00";"37,38";"Geprüft"
"03.04.2016 00:00:00";"37,36";"Geprüft"
"04.04.2016 00:00:00";"37,35";"Geprüft"
"05.04.2016 00:00:00";"37,34";"Geprüft"
"06.04.2016 00:00:00";"37,33";"Geprüft"
"07.04.2016 00:00:00";"37,32";"Geprüft"
"08.04.2016 00:00:00";"37,31";"Geprüft"
"09.04.2016 00:00:00";"37,3";"Geprüft"
"10.04.2016 00:00:00";"37,3";"Geprüft"
"11.04.2016 00:00:00";"37,3";"Geprüft"
"12.04.2016 00:00:00";"37,3";"Geprüft"
"13.04.2016 00:00:00";"37,3";"Geprüft"
"14.04.2016 00:00:00";"37,34";"Geprüft"
"15.04.2016 00:00:00";"37,37";"Geprüft"
"16.04.2016 00:00:00";"37,39";"Geprüft"
"17.04.2016 00:00:00";"37,4";"Geprüft"
"18.04.2016 00:00:00";"37,38";"Geprüft"
"19.04.2016 00:00:00";"37,36";"Geprüft"
"20.04.2016 00:00:00";"37,34";"Geprüft"
"21.04.2016 00:00:00";"37,33";"Geprüft"
"22.04.2016 00:00:00";"37,32";"Geprüft"
"23.04.2016 00:00:00";"37,31";"Geprüft"
"24.04.2016 00:00:00";"37,31";"Geprüft"
"25.04.2016 00:00:00";"37,31";"Geprüft"
"26.04.2016 00:00:00";"37,35";"Geprüft"
"27.04.2016 00:00:00";"37,36";"Geprüft"
"28.04.2016 00:00:00";"37,35";"Geprüft"
"29.04.2016 00:00:00";"37,33";"Geprüft"
"30.04.2016 00:00:00";"37,32";"Geprüft"
"01.05.2016 00:00:00";"37,3";"Geprüft"
"02.05.2016 00:00:00";"37,29";"Geprüft"
"03.05.2016 00:00:00";"37,29";"Geprüft"
"04.05.2016 00:00:00";"37,28";"Geprüft"
"05.05.2016 00:00:00";"37,28";"Geprüft"
"06.05.2016 00:00:00";"37,27";"Geprüft"
"07.05.2016 00:00:00";"37,26";"Geprüft"
"08.05.2016 00:00:00";"37,25";"Geprüft"
"09.05.2016 00:00:00";"37,25";"Geprüft"
"10.05.2016 00:00:00";"37,24";"Geprüft"
"11.05.2016 00:00:00";"37,23";"Geprüft"
"12.05.2016 00:00:00";"37,23";"Geprüft"
"13.05.2016 00:00:00";"37,22";"Geprüft"
"14.05.2016 00:00:00";"37,22";"Geprüft"
"15.05.2016 00:00:00";"37,22";"Geprüft"
"16.05.2016 00:00:00";"37,22";"Geprüft"
"17.05.2016 00:00:00";"37,22";"Geprüft"
"18.05.2016 00:00:00";"37,22";"Geprüft"
"19.05.2016 00:00:00";"37,21";"Geprüft"
"20.05.2016 00:00:00";"37,2";"Geprüft"
"21.05.2016 00:00:00";"37,2";"Geprüft"
"22.05.2016 00:00:00";"37,19";"Geprüft"
"23.05.2016 00:00:00";"37,22";"Geprüft"
"24.05.2016 00:00:00";"37,32";"Geprüft"
"25.05.2016 00:00:00";"37,3";"Geprüft"
"26.05.2016 00:00:00";"37,29";"Geprüft"
"27.05.2016 00:00:00";"37,27";"Geprüft"
"28.05.2016 00:00:00";"37,26";"Geprüft"
"29.05.2016 00:00:00";"37,25";"Geprüft"
"30.05.2016 00:00:00";"37,24";"Geprüft"
"31.05.2016 00:00:00";"37,25";"Geprüft"
"01.06.2016 00:00:00";"37,31";"Geprüft"
"02.06.2016 00:00:00";"37,32";"Geprüft"
"03.06.2016 00:00:00";"37,29";"Geprüft"
"04.06.2016 00:00:00";"37,26";"Geprüft"
"05.06.2016 00:00:00";"37,26";"Geprüft"
"06.06.2016 00:00:00";"37,26";"Geprüft"
"07.06.2016 00:00:00";"37,23";"Geprüft"
"08.06.2016 00:00:00";"37,21";"Geprüft"
"09.06.2016 00:00:00";"37,2";"Geprüft"
"10.06.2016 00:00:00";"37,19";"Geprüft"
"11.06.2016 00:00:00";"37,18";"Geprüft"
"12.06.2016 00:00:00";"37,17";"Geprüft"
"13.06.2016 00:00:00";"37,21";"Geprüft"
"14.06.2016 00:00:00";"37,23";"Geprüft"
"15.06.2016 00:00:00";"37,35";"Geprüft"
"16.06.2016 00:00:00";"37,41";"Geprüft"
"17.06.2016 00:00:00";"37,64";"Geprüft"
"18.06.2016 00:00:00";"37,57";"Geprüft"
"19.06.2016 00:00:00";"37,49";"Geprüft"
"20.06.2016 00:00:00";"37,43";"Geprüft"
"21.06.2016 00:00:00";"37,38";"Geprüft"
"22.06.2016 00:00:00";"37,35";"Geprüft"
"23.06.2016 00:00:00";"37,31";"Geprüft"
"24.06.2016 00:00:00";"37,28";"Geprüft"
"25.06.2016 00:00:00";"37,25";"Geprüft"
"26.06.2016 00:00:00";"37,23";"Geprüft"
"27.06.2016 00:00:00";"37,22";"Geprüft"
"28.06.2016 00:00:00";"37,2";"Geprüft"
"29.06.2016 00:00:00";"37,22";"Geprüft"
"30.06.2016 00:00:00";"37,21";"Geprüft"
"01.07.2016 00:00:00";"37,19";"Geprüft"
"02.07.2016 00:00:00";"37,21";"Geprüft"
"03.07.2016 00:00:00";"37,22";"Geprüft"
"04.07.2016 00:00:00";"37,2";"Geprüft"
"05.07.2016 00:00:00";"37,25";"Geprüft"
"06.07.2016 00:00:00";"37,31";"Geprüft"
"07.07.2016 00:00:00";"37,28";"Geprüft"
"08.07.2016 00:00:00";"37,26";"Geprüft"
"09.07.2016 00:00:00";"37,27";"Geprüft"
"10.07.2016 00:00:00";"37,24";"Geprüft"
"11.07.2016 00:00:00";"37,21";"Geprüft"
"12.07.2016 00:00:00";"37,18";"Geprüft"
"13.07.2016 00:00:00";"37,24";"Geprüft"
"14.07.2016 00:00:00";"37,3";"Geprüft"
"15.07.2016 00:00:00";"37,29";"Geprüft"
"16.07.2016 00:00:00";"37,27";"Geprüft"
"17.07.2016 00:00:00";"37,26";"Geprüft"
"18.07.2016 00:00:00";"37,26";"Geprüft"
"19.07.2016 00:00:00";"37,24";"Geprüft"
"20.07.2016 00:00:00";"37,22";"Geprüft"
"21.07.2016 00:00:00";"37,2";"Geprüft"
"22.07.2016 00:00:00";"37,19";"Geprüft"
"23.07.2016 00:00:00";"37,16";"Geprüft"
"24.07.2016 00:00:00";"37,15";"Geprüft"
"25.07.2016 00:00:00";"37,14";"Geprüft"
"26.07.2016 00:00:00";"37,18";"Geprüft"
"27.07.2016 00:00:00";"37,27";"Geprüft"
"28.07.2016 00:00:00";"37,35";"Geprüft"
"29.07.2016 00:00:00";"37,41";"Geprüft"
"30.07.2016 00:00:00";"37,37";"Geprüft"
"31.07.2016 00:00:00";"37,35";"Geprüft"
"01.08.2016 00:00:00";"37,37";"Geprüft"
"02.08.2016 00:00:00";"37,36";"Geprüft"
"03.08.2016 00:00:00";"37,35";"Geprüft"
"04.08.2016 00:00:00";"37,34";"Geprüft"
"05.08.2016 00:00:00";"37,47";"Geprüft"
"06.08.2016 00:00:00";"37,41";"Geprüft"
"07.08.2016 00:00:00";"37,36";"Geprüft"
"08.08.2016 00:00:00";"37,32";"Geprüft"
"09.08.2016 00:00:00";"37,29";"Geprüft"
"10.08.2016 00:00:00";"37,28";"Geprüft"
"11.08.2016 00:00:00";"37,26";"Geprüft"
"12.08.2016 00:00:00";"37,26";"Geprüft"
"13.08.2016 00:00:00";"37,24";"Geprüft"
"14.08.2016 00:00:00";"37,23";"Geprüft"
"15.08.2016 00:00:00";"37,21";"Geprüft"
"16.08.2016 00:00:00";"37,2";"Geprüft"
"17.08.2016 00:00:00";"37,2";"Geprüft"
"18.08.2016 00:00:00";"37,19";"Geprüft"
"19.08.2016 00:00:00";"37,18";"Geprüft"
"20.08.2016 00:00:00";"37,18";"Geprüft"
"21.08.2016 00:00:00";"37,19";"Geprüft"
"22.08.2016 00:00:00";"37,18";"Geprüft"
"23.08.2016 00:00:00";"37,17";"Geprüft"
"24.08.2016 00:00:00";"37,18";"Geprüft"
"25.08.2016 00:00:00";"37,17";"Geprüft"
"26.08.2016 00:00:00";"37,15";"Geprüft"
"27.08.2016 00:00:00";"37,14";"Geprüft"
"28.08.2016 00:00:00";"37,14";"Geprüft"
"29.08.2016 00:00:00";"37,14";"Geprüft"
"30.08.2016 00:00:00";"37,14";"Geprüft"
"31.08.2016 00:00:00";"37,13";"Geprüft"
"01.09.2016 00:00:00";"37,12";"Geprüft"
"02.09.2016 00:00:00";"37,12";"Geprüft"
"03.09.2016 00:00:00";"37,12";"Geprüft"
"04.09.2016 00:00:00";"37,13";"Geprüft"
"05.09.2016 00:00:00";"37,14";"Geprüft"
"06.09.2016 00:00:00";"37,14";"Geprüft"
"07.09.2016 00:00:00";"37,13";"Geprüft"
"08.09.2016 00:00:00";"37,12";"Geprüft"
"09.09.2016 00:00:00";"37,11";"Geprüft"
"10.09.2016 00:00:00";"37,11";"Geprüft"
"11.09.2016 00:00:00";"37,11";"Geprüft"
"12.09.2016 00:00:00";"37,1";"Geprüft"
"13.09.2016 00:00:00";"37,1";"Geprüft"
"14.09.2016 00:00:00";"37,09";"Geprüft"
"15.09.2016 00:00:00";"37,09";"Geprüft"
"16.09.2016 00:00:00";"37,09";"Geprüft"
"17.09.2016 00:00:00";"37,11";"Geprüft"
"18.09.2016 00:00:00";"37,13";"Geprüft"
"19.09.2016 00:00:00";"37,13";"Geprüft"
"20.09.2016 00:00:00";"37,13";"Geprüft"
"21.09.2016 00:00:00";"37,13";"Geprüft"
"22.09.2016 00:00:00";"37,13";"Geprüft"
"23.09.2016 00:00:00";"37,13";"Geprüft"
"24.09.2016 00:00:00";"37,13";"Geprüft"
"25.09.2016 00:00:00";"37,13";"Geprüft"
"26.09.2016 00:00:00";"37,13";"Geprüft"
"27.09.2016 00:00:00";"37,13";"Geprüft"
"28.09.2016 00:00:00";"37,13";"Geprüft"
"29.09.2016 00:00:00";"37,14";"Geprüft"
"30.09.2016 00:00:00";"37,13";"Geprüft"
"01.10.2016 00:00:00";"37,15";"Geprüft"
"02.10.2016 00:00:00";"37,15";"Geprüft"
"03.10.2016 00:00:00";"37,15";"Geprüft"
"04.10.2016 00:00:00";"37,18";"Geprüft"
"05.10.2016 00:00:00";"37,19";"Geprüft"
"06.10.2016 00:00:00";"37,23";"Geprüft"
"07.10.2016 00:00:00";"37,24";"Geprüft"
"08.10.2016 00:00:00";"37,24";"Geprüft"
"09.10.2016 00:00:00";"37,25";"Geprüft"
"10.10.2016 00:00:00";"37,25";"Geprüft"
"11.10.2016 00:00:00";"37,25";"Geprüft"
"12.10.2016 00:00:00";"37,26";"Geprüft"
"13.10.2016 00:00:00";"37,28";"Geprüft"
"14.10.2016 00:00:00";"37,27";"Geprüft"
"15.10.2016 00:00:00";"37,27";"Geprüft"
"16.10.2016 00:00:00";"37,27";"Geprüft"
"17.10.2016 00:00:00";"37,27";"Geprüft"
"18.10.2016 00:00:00";"37,27";"Geprüft"
"19.10.2016 00:00:00";"37,29";"Geprüft"
"20.10.2016 00:00:00";"37,3";"Geprüft"
"21.10.2016 00:00:00";"37,33";"Geprüft"
"22.10.2016 00:00:00";"37,34";"Geprüft"
"23.10.2016 00:00:00";"37,34";"Geprüft"
"24.10.2016 00:00:00";"37,34";"Geprüft"
"25.10.2016 00:00:00";"37,38";"Geprüft"
"26.10.2016 00:00:00";"37,39";"Geprüft"
"27.10.2016 00:00:00";"37,38";"Geprüft"
"28.10.2016 00:00:00";"37,38";"Geprüft"
"29.10.2016 00:00:00";"37,38";"Geprüft"
"30.10.2016 00:00:00";"37,37";"Geprüft"
"31.10.2016 00:00:00";"37,37";"Geprüft"
"01.11.2016 00:00:00";"37,38";"Geprüft"
"02.11.2016 00:00:00";"37,39";"Geprüft"
"03.11.2016 00:00:00";"37,39";"Geprüft"
"04.11.2016 00:00:00";"37,39";"Geprüft"
"05.11.2016 00:00:00";"37,4";"Geprüft"
"06.11.2016 00:00:00";"37,43";"Geprüft"
"07.11.2016 00:00:00";"37,43";"Geprüft"
"08.11.2016 00:00:00";"37,44";"Geprüft"
"09.11.2016 00:00:00";"37,44";"Geprüft"
"10.11.2016 00:00:00";"37,42";"Geprüft"
"11.11.2016 00:00:00";"37,41";"Geprüft"
"12.11.2016 00:00:00";"37,4";"Geprüft"
"13.11.2016 00:00:00";"37,39";"Geprüft"
"14.11.2016 00:00:00";"37,38";"Geprüft"
"15.11.2016 00:00:00";"37,4";"Geprüft"
"16.11.2016 00:00:00";"37,45";"Geprüft"
"17.11.2016 00:00:00";"37,47";"Geprüft"
"18.11.2016 00:00:00";"37,52";"Geprüft"
"19.11.2016 00:00:00";"37,53";"Geprüft"
"20.11.2016 00:00:00";"37,53";"Geprüft"
"21.11.2016 00:00:00";"37,5";"Geprüft"
"22.11.2016 00:00:00";"37,49";"Geprüft"
"23.11.2016 00:00:00";"37,48";"Geprüft"
"24.11.2016 00:00:00";"37,48";"Geprüft"
"25.11.2016 00:00:00";"37,47";"Geprüft"
"26.11.2016 00:00:00";"37,47";"Geprüft"
"27.11.2016 00:00:00";"37,46";"Geprüft"
"28.11.2016 00:00:00";"37,44";"Geprüft"
"29.11.2016 00:00:00";"37,42";"Geprüft"
"30.11.2016 00:00:00";"37,43";"Geprüft"
"01.12.2016 00:00:00";"37,53";"Geprüft"
"02.12.2016 00:00:00";"37,52";"Geprüft"
"03.12.2016 00:00:00";"37,48";"Geprüft"
"04.12.2016 00:00:00";"37,45";"Geprüft"
"05.12.2016 00:00:00";"37,44";"Geprüft"
"06.12.2016 00:00:00";"37,43";"Geprüft"
"07.12.2016 00:00:00";"37,45";"Geprüft"
"08.12.2016 00:00:00";"37,49";"Geprüft"
"09.12.2016 00:00:00";"37,49";"Geprüft"
"10.12.2016 00:00:00";"37,49";"Geprüft"
"11.12.2016 00:00:00";"37,63";"Geprüft"
"12.12.2016 00:00:00";"37,65";"Geprüft"
"13.12.2016 00:00:00";"37,59";"Geprüft"
"14.12.2016 00:00:00";"37,6";"Geprüft"
"15.12.2016 00:00:00";"37,57";"Geprüft"
"16.12.2016 00:00:00";"37,53";"Geprüft"
"17.12.2016 00:00:00";"37,5";"Geprüft"
"18.12.2016 00:00:00";"37,55";"Geprüft"
"19.12.2016 00:00:00";"37,55";"Geprüft"
"20.12.2016 00:00:00";"37,53";"Geprüft"
"21.12.2016 00:00:00";"37,49";"Geprüft"
"22.12.2016 00:00:00";"37,47";"Geprüft"
"23.12.2016 00:00:00";"37,51";"Geprüft"
"24.12.2016 00:00:00";"37,52";"Geprüft"
"25.12.2016 00:00:00";"37,59";"Geprüft"
"26.12.2016 00:00:00";"37,58";"Geprüft"
"27.12.2016 00:00:00";"37,57";"Geprüft"
"28.12.2016 00:00:00";"37,64";"Geprüft"
"29.12.2016 00:00:00";"37,61";"Geprüft"
"30.12.2016 00:00:00";"37,55";"Geprüft"
"31.12.2016 00:00:00";"37,51";"Geprüft"
"01.01.2017 00:00:00";"37,52";"Geprüft"
"02.01.2017 00:00:00";"37,52";"Geprüft"
"03.01.2017 00:00:00";"37,57";"Geprüft"
"04.01.2017 00:00:00";"37,67";"Geprüft"
"05.01.2017 00:00:00";"37,61";"Geprüft"
"06.01.2017 00:00:00";"37,55";"Geprüft"
"07.01.2017 00:00:00";"37,51";"Geprüft"
"08.01.2017 00:00:00";"37,5";"Geprüft"
"09.01.2017 00:00:00";"37,52";"Geprüft"
"10.01.2017 00:00:00";"37,51";"Geprüft"
"11.01.2017 00:00:00";"37,5";"Geprüft"
"12.01.2017 00:00:00";"37,53";"Geprüft"
"13.01.2017 00:00:00";"37,63";"Geprüft"
"14.01.2017 00:00:00";"37,61";"Geprüft"
"15.01.2017 00:00:00";"37,58";"Geprüft"
"16.01.2017 00:00:00";"37,57";"Geprüft"
"17.01.2017 00:00:00";"37,54";"Geprüft"
"18.01.2017 00:00:00";"37,52";"Geprüft"
"19.01.2017 00:00:00";"37,51";"Geprüft"
"20.01.2017 00:00:00";"37,51";"Geprüft"
"21.01.2017 00:00:00";"37,53";"Geprüft"
"22.01.2017 00:00:00";"37,53";"Geprüft"
"23.01.2017 00:00:00";"37,48";"Geprüft"
"24.01.2017 00:00:00";"37,47";"Geprüft"
"25.01.2017 00:00:00";"37,48";"Geprüft"
"26.01.2017 00:00:00";"37,49";"Geprüft"
"27.01.2017 00:00:00";"37,47";"Geprüft"
"28.01.2017 00:00:00";"37,43";"Geprüft"
"29.01.2017 00:00:00";"37,41";"Geprüft"
"30.01.2017 00:00:00";"37,44";"Geprüft"
"31.01.2017 00:00:00";"37,47";"Geprüft"
"01.02.2017 00:00:00";"37,48";"Geprüft"
"02.02.2017 00:00:00";"37,48";"Geprüft"
"03.02.2017 00:00:00";"37,49";"Geprüft"
"04.02.2017 00:00:00";"37,6";"Geprüft"
"05.02.2017 00:00:00";"37,64";"Geprüft"
"06.02.2017 00:00:00";"37,61";"Geprüft"
"07.02.2017 00:00:00";"37,57";"Geprüft"
"08.02.2017 00:00:00";"37,53";"Geprüft"
"09.02.2017 00:00:00";"37,49";"Geprüft"
"10.02.2017 00:00:00";"37,46";"Geprüft"
"11.02.2017 00:00:00";"37,45";"Geprüft"
"12.02.2017 00:00:00";"37,43";"Geprüft"
"13.02.2017 00:00:00";"37,42";"Geprüft"
"14.02.2017 00:00:00";"37,4";"Geprüft"
"15.02.2017 00:00:00";"37,41";"Geprüft"
"16.02.2017 00:00:00";"37,44";"Geprüft"
"17.02.2017 00:00:00";"37,53";"Geprüft"
"18.02.2017 00:00:00";"37,58";"Geprüft"
"19.02.2017 00:00:00";"37,59";"Geprüft"
"20.02.2017 00:00:00";"37,62";"Geprüft"
"21.02.2017 00:00:00";"37,67";"Geprüft"
"22.02.2017 00:00:00";"37,74";"Geprüft"
"23.02.2017 00:00:00";"37,8";"Geprüft"
"24.02.2017 00:00:00";"37,73";"Geprüft"
"25.02.2017 00:00:00";"37,68";"Geprüft"
"26.02.2017 00:00:00";"37,63";"Geprüft"
"27.02.2017 00:00:00";"37,6";"Geprüft"
"28.02.2017 00:00:00";"37,57";"Geprüft"
"01.03.2017 00:00:00";"37,57";"Geprüft"
"02.03.2017 00:00:00";"37,57";"Geprüft"
"03.03.2017 00:00:00";"37,54";"Geprüft"
"04.03.2017 00:00:00";"37,53";"Geprüft"
"05.03.2017 00:00:00";"37,51";"Geprüft"
"06.03.2017 00:00:00";"37,5";"Geprüft"
"07.03.2017 00:00:00";"37,51";"Geprüft"
"08.03.2017 00:00:00";"37,51";"Geprüft"
"09.03.2017 00:00:00";"37,55";"Geprüft"
"10.03.2017 00:00:00";"37,54";"Geprüft"
"11.03.2017 00:00:00";"37,51";"Geprüft"
"12.03.2017 00:00:00";"37,5";"Geprüft"
"13.03.2017 00:00:00";"37,49";"Geprüft"
"14.03.2017 00:00:00";"37,49";"Geprüft"
"15.03.2017 00:00:00";"37,47";"Geprüft"
"16.03.2017 00:00:00";"37,47";"Geprüft"
"17.03.2017 00:00:00";"37,47";"Geprüft"
"18.03.2017 00:00:00";"37,55";"Geprüft"
"19.03.2017 00:00:00";"37,58";"Geprüft"
"20.03.2017 00:00:00";"37,61";"Geprüft"
"21.03.2017 00:00:00";"37,59";"Geprüft"
"22.03.2017 00:00:00";"37,56";"Geprüft"
"23.03.2017 00:00:00";"37,54";"Geprüft"
"24.03.2017 00:00:00";"37,51";"Geprüft"
"25.03.2017 00:00:00";"37,48";"Geprüft"
"26.03.2017 00:00:00";"37,46";"Geprüft"
"27.03.2017 00:00:00";"37,46";"Geprüft"
"28.03.2017 00:00:00";"37,45";"Geprüft"
"29.03.2017 00:00:00";"37,47";"Geprüft"
"30.03.2017 00:00:00";"37,5";"Geprüft"
"31.03.2017 00:00:00";"37,47";"Geprüft"
"01.04.2017 00:00:00";"37,44";"Geprüft"
"02.04.2017 00:00:00";"37,42";"Geprüft"
"03.04.2017 00:00:00";"37,42";"Geprüft"
"04.04.2017 00:00:00";"37,42";"Geprüft"
"05.04.2017 00:00:00";"37,42";"Geprüft"
"06.04.2017 00:00:00";"37,41";"Geprüft"
"07.04.2017 00:00:00";"37,41";"Geprüft"
"08.04.2017 00:00:00";"37,41";"Geprüft"
"09.04.2017 00:00:00";"37,4";"Geprüft"
"10.04.2017 00:00:00";"37,39";"Geprüft"
"11.04.2017 00:00:00";"37,39";"Geprüft"
"12.04.2017 00:00:00";"37,45";"Geprüft"
"13.04.2017 00:00:00";"37,46";"Geprüft"
"14.04.2017 00:00:00";"37,43";"Geprüft"
"15.04.2017 00:00:00";"37,44";"Geprüft"
"16.04.2017 00:00:00";"37,45";"Geprüft"
"17.04.2017 00:00:00";"37,46";"Geprüft"
"18.04.2017 00:00:00";"37,44";"Geprüft"
"19.04.2017 00:00:00";"37,42";"Geprüft"
"20.04.2017 00:00:00";"37,41";"Geprüft"
"21.04.2017 00:00:00";"37,4";"Geprüft"
"22.04.2017 00:00:00";"37,4";"Geprüft"
"23.04.2017 00:00:00";"37,4";"Geprüft"
"28.04.2017 00:00:00";"37,36";"Geprüft"
"29.04.2017 00:00:00";"37,35";"Geprüft"
"30.04.2017 00:00:00";"37,34";"Geprüft"
"01.05.2017 00:00:00";"37,32";"Geprüft"
"02.05.2017 00:00:00";"37,34";"Geprüft"
"03.05.2017 00:00:00";"37,35";"Geprüft"
"04.05.2017 00:00:00";"37,4";"Geprüft"
"05.05.2017 00:00:00";"37,43";"Geprüft"
"06.05.2017 00:00:00";"37,42";"Geprüft"
"07.05.2017 00:00:00";"37,4";"Geprüft"
"08.05.2017 00:00:00";"37,42";"Geprüft"
"09.05.2017 00:00:00";"37,42";"Geprüft"
"10.05.2017 00:00:00";"37,4";"Geprüft"
"11.05.2017 00:00:00";"37,37";"Geprüft"
"12.05.2017 00:00:00";"37,35";"Geprüft"
"13.05.2017 00:00:00";"37,38";"Geprüft"
"14.05.2017 00:00:00";"37,47";"Geprüft"
"15.05.2017 00:00:00";"37,5";"Geprüft"
"16.05.2017 00:00:00";"37,45";"Geprüft"
"17.05.2017 00:00:00";"37,42";"Geprüft"
"18.05.2017 00:00:00";"37,38";"Geprüft"
"19.05.2017 00:00:00";"37,35";"Geprüft"
"20.05.2017 00:00:00";"37,32";"Geprüft"
"21.05.2017 00:00:00";"37,31";"Geprüft"
"22.05.2017 00:00:00";"37,3";"Geprüft"
"23.05.2017 00:00:00";"37,29";"Geprüft"
"24.05.2017 00:00:00";"37,3";"Geprüft"
"25.05.2017 00:00:00";"37,3";"Geprüft"
"26.05.2017 00:00:00";"37,29";"Geprüft"
"27.05.2017 00:00:00";"37,27";"Geprüft"
"28.05.2017 00:00:00";"37,26";"Geprüft"
"29.05.2017 00:00:00";"37,25";"Geprüft"
"30.05.2017 00:00:00";"37,24";"Geprüft"
"31.05.2017 00:00:00";"37,23";"Geprüft"
"01.06.2017 00:00:00";"37,22";"Geprüft"
"02.06.2017 00:00:00";"37,21";"Geprüft"
"03.06.2017 00:00:00";"37,21";"Geprüft"
"04.06.2017 00:00:00";"37,25";"Geprüft"
"05.06.2017 00:00:00";"37,29";"Geprüft"
"06.06.2017 00:00:00";"37,32";"Geprüft"
"07.06.2017 00:00:00";"37,32";"Geprüft"
"08.06.2017 00:00:00";"37,3";"Geprüft"
"09.06.2017 00:00:00";"37,27";"Geprüft"
"10.06.2017 00:00:00";"37,25";"Geprüft"
"11.06.2017 00:00:00";"37,23";"Geprüft"
"12.06.2017 00:00:00";"37,21";"Geprüft"
"13.06.2017 00:00:00";"37,2";"Geprüft"
"14.06.2017 00:00:00";"37,19";"Geprüft"
"15.06.2017 00:00:00";"37,18";"Geprüft"
"16.06.2017 00:00:00";"37,2";"Geprüft"
"17.06.2017 00:00:00";"37,21";"Geprüft"
"18.06.2017 00:00:00";"37,18";"Geprüft"
"19.06.2017 00:00:00";"37,17";"Geprüft"
"20.06.2017 00:00:00";"37,15";"Geprüft"
"21.06.2017 00:00:00";"37,14";"Geprüft"
"22.06.2017 00:00:00";"37,14";"Geprüft"
"23.06.2017 00:00:00";"37,21";"Geprüft"
"24.06.2017 00:00:00";"37,22";"Geprüft"
"25.06.2017 00:00:00";"37,23";"Geprüft"
"26.06.2017 00:00:00";"37,25";"Geprüft"
"27.06.2017 00:00:00";"37,24";"Geprüft"
"28.06.2017 00:00:00";"37,23";"Geprüft"
"29.06.2017 00:00:00";"37,52";"Geprüft"
"30.06.2017 00:00:00";"37,8";"Geprüft"
"01.07.2017 00:00:00";"37,72";"Geprüft"
"02.07.2017 00:00:00";"37,68";"Geprüft"
"03.07.2017 00:00:00";"37,62";"Geprüft"
"04.07.2017 00:00:00";"37,57";"Geprüft"
"05.07.2017 00:00:00";"37,54";"Geprüft"
"06.07.2017 00:00:00";"37,51";"Geprüft"
"07.07.2017 00:00:00";"37,49";"Geprüft"
"08.07.2017 00:00:00";"37,48";"Geprüft"
"09.07.2017 00:00:00";"37,46";"Geprüft"
"10.07.2017 00:00:00";"37,59";"Geprüft"
"11.07.2017 00:00:00";"37,61";"Geprüft"
"12.07.2017 00:00:00";"37,6";"Geprüft"
"13.07.2017 00:00:00";"37,61";"Geprüft"
"14.07.2017 00:00:00";"37,56";"Geprüft"
"15.07.2017 00:00:00";"37,52";"Geprüft"
"16.07.2017 00:00:00";"37,5";"Geprüft"
"17.07.2017 00:00:00";"37,53";"Geprüft"
"18.07.2017 00:00:00";"37,49";"Geprüft"
"19.07.2017 00:00:00";"37,46";"Geprüft"
"20.07.2017 00:00:00";"37,45";"Geprüft"
"21.07.2017 00:00:00";"37,43";"Geprüft"
"22.07.2017 00:00:00";"37,57";"Geprüft"
"23.07.2017 00:00:00";"37,67";"Geprüft"
"24.07.2017 00:00:00";"37,64";"Geprüft"
"25.07.2017 00:00:00";"37,92";"Geprüft"
"26.07.2017 00:00:00";"37,91";"Geprüft"
"27.07.2017 00:00:00";"37,87";"Geprüft"
"28.07.2017 00:00:00";"37,8";"Geprüft"
"29.07.2017 00:00:00";"37,73";"Geprüft"
"30.07.2017 00:00:00";"37,68";"Geprüft"
"31.07.2017 00:00:00";"37,64";"Geprüft"
"01.08.2017 00:00:00";"37,63";"Geprüft"
"02.08.2017 00:00:00";"37,59";"Geprüft"
"03.08.2017 00:00:00";"37,57";"Geprüft"
"04.08.2017 00:00:00";"37,53";"Geprüft"
"05.08.2017 00:00:00";"37,52";"Geprüft"
"06.08.2017 00:00:00";"37,5";"Geprüft"
"07.08.2017 00:00:00";"37,48";"Geprüft"
"08.08.2017 00:00:00";"37,46";"Geprüft"
"09.08.2017 00:00:00";"37,45";"Geprüft"
"10.08.2017 00:00:00";"37,52";"Geprüft"
"11.08.2017 00:00:00";"37,5";"Geprüft"
"12.08.2017 00:00:00";"37,49";"Geprüft"
"13.08.2017 00:00:00";"37,46";"Geprüft"
"14.08.2017 00:00:00";"37,44";"Geprüft"
"15.08.2017 00:00:00";"37,42";"Geprüft"
"16.08.2017 00:00:00";"37,55";"Geprüft"
"17.08.2017 00:00:00";"37,54";"Geprüft"
"18.08.2017 00:00:00";"37,5";"Geprüft"
"19.08.2017 00:00:00";"37,51";"Geprüft"
"20.08.2017 00:00:00";"37,47";"Geprüft"
"21.08.2017 00:00:00";"37,45";"Geprüft"
"22.08.2017 00:00:00";"37,43";"Geprüft"
"23.08.2017 00:00:00";"37,42";"Geprüft"
"24.08.2017 00:00:00";"37,4";"Geprüft"
"25.08.2017 00:00:00";"37,39";"Geprüft"
"26.08.2017 00:00:00";"37,39";"Geprüft"
"27.08.2017 00:00:00";"37,38";"Geprüft"
"28.08.2017 00:00:00";"37,37";"Geprüft"
"29.08.2017 00:00:00";"37,36";"Geprüft"
"30.08.2017 00:00:00";"37,35";"Geprüft"
"31.08.2017 00:00:00";"37,34";"Geprüft"
"01.09.2017 00:00:00";"37,34";"Geprüft"
"02.09.2017 00:00:00";"37,34";"Geprüft"
"03.09.2017 00:00:00";"37,35";"Geprüft"
"04.09.2017 00:00:00";"37,39";"Geprüft"
"05.09.2017 00:00:00";"37,37";"Geprüft"
"06.09.2017 00:00:00";"37,39";"Geprüft"
"07.09.2017 00:00:00";"37,41";"Geprüft"
"08.09.2017 00:00:00";"37,42";"Geprüft"
"09.09.2017 00:00:00";"37,41";"Geprüft"
"10.09.2017 00:00:00";"37,39";"Geprüft"
"11.09.2017 00:00:00";"37,38";"Geprüft"
"12.09.2017 00:00:00";"37,36";"Geprüft"
"13.09.2017 00:00:00";"37,37";"Geprüft"
"14.09.2017 00:00:00";"37,37";"Geprüft"
"15.09.2017 00:00:00";"37,38";"Geprüft"
"16.09.2017 00:00:00";"37,38";"Geprüft"
"17.09.2017 00:00:00";"37,37";"Geprüft"
"18.09.2017 00:00:00";"37,36";"Geprüft"
"19.09.2017 00:00:00";"37,36";"Geprüft"
"20.09.2017 00:00:00";"37,35";"Geprüft"
"21.09.2017 00:00:00";"37,35";"Geprüft"
"22.09.2017 00:00:00";"37,35";"Geprüft"
"23.09.2017 00:00:00";"37,36";"Geprüft"
"24.09.2017 00:00:00";"37,43";"Geprüft"
"25.09.2017 00:00:00";"37,43";"Geprüft"
"26.09.2017 00:00:00";"37,42";"Geprüft"
"27.09.2017 00:00:00";"37,42";"Geprüft"
"28.09.2017 00:00:00";"37,4";"Geprüft"
"29.09.2017 00:00:00";"37,39";"Geprüft"
"30.09.2017 00:00:00";"37,38";"Geprüft"
"01.10.2017 00:00:00";"37,37";"Geprüft"
"02.10.2017 00:00:00";"37,42";"Geprüft"
"03.10.2017 00:00:00";"37,48";"Geprüft"
"04.10.2017 00:00:00";"37,46";"Geprüft"
"05.10.2017 00:00:00";"37,55";"Geprüft"
"06.10.2017 00:00:00";"37,56";"Geprüft"
"07.10.2017 00:00:00";"37,59";"Geprüft"
"08.10.2017 00:00:00";"37,66";"Geprüft"
"09.10.2017 00:00:00";"37,61";"Geprüft"
"10.10.2017 00:00:00";"37,64";"Geprüft"
"11.10.2017 00:00:00";"37,6";"Geprüft"
"12.10.2017 00:00:00";"37,55";"Geprüft"
"13.10.2017 00:00:00";"37,51";"Geprüft"
"14.10.2017 00:00:00";"37,5";"Geprüft"
"15.10.2017 00:00:00";"37,49";"Geprüft"
"16.10.2017 00:00:00";"37,48";"Geprüft"
"17.10.2017 00:00:00";"37,47";"Geprüft"
"18.10.2017 00:00:00";"37,47";"Geprüft"
"19.10.2017 00:00:00";"37,46";"Geprüft"
"20.10.2017 00:00:00";"37,47";"Geprüft"
"21.10.2017 00:00:00";"37,49";"Geprüft"
"22.10.2017 00:00:00";"37,51";"Geprüft"
"23.10.2017 00:00:00";"37,49";"Geprüft"
"24.10.2017 00:00:00";"37,49";"Geprüft"
"25.10.2017 00:00:00";"37,57";"Geprüft"
"26.10.2017 00:00:00";"37,54";"Geprüft"
"27.10.2017 00:00:00";"37,53";"Geprüft"
"28.10.2017 00:00:00";"37,52";"Geprüft"
"29.10.2017 00:00:00";"37,64";"Geprüft"
"30.10.2017 00:00:00";"37,59";"Geprüft"
"31.10.2017 00:00:00";"37,56";"Geprüft"
"01.11.2017 00:00:00";"37,59";"Geprüft"
"02.11.2017 00:00:00";"37,63";"Geprüft"
"03.11.2017 00:00:00";"37,59";"Geprüft"
"04.11.2017 00:00:00";"37,57";"Geprüft"
"05.11.2017 00:00:00";"37,6";"Geprüft"
"06.11.2017 00:00:00";"37,67";"Geprüft"
"07.11.2017 00:00:00";"37,62";"Geprüft"
"08.11.2017 00:00:00";"37,6";"Geprüft"
"09.11.2017 00:00:00";"37,57";"Geprüft"
"10.11.2017 00:00:00";"37,6";"Geprüft"
"11.11.2017 00:00:00";"37,6";"Geprüft"
"12.11.2017 00:00:00";"37,57";"Geprüft"
"13.11.2017 00:00:00";"37,58";"Geprüft"
"14.11.2017 00:00:00";"37,56";"Geprüft"
"15.11.2017 00:00:00";"37,55";"Geprüft"
"16.11.2017 00:00:00";"37,54";"Geprüft"
"17.11.2017 00:00:00";"37,55";"Geprüft"
"18.11.2017 00:00:00";"37,54";"Geprüft"
"19.11.2017 00:00:00";"37,55";"Geprüft"
"20.11.2017 00:00:00";"37,56";"Geprüft"
"22.12.2017 00:00:00";"37,54";"Geprüft"
"23.12.2017 00:00:00";"37,53";"Geprüft"
"24.12.2017 00:00:00";"37,51";"Geprüft"
"25.12.2017 00:00:00";"37,5";"Geprüft"
"26.12.2017 00:00:00";"37,49";"Geprüft"
"27.12.2017 00:00:00";"37,49";"Geprüft"
"28.12.2017 00:00:00";"37,49";"Geprüft"
"29.12.2017 00:00:00";"37,47";"Geprüft"
"30.12.2017 00:00:00";"37,49";"Geprüft"
"31.12.2017 00:00:00";"37,52";"Geprüft"
"01.01.2018 00:00:00";"37,5";"Geprüft"
"02.01.2018 00:00:00";"37,53";"Geprüft"
"03.01.2018 00:00:00";"37,64";"Geprüft"
"04.01.2018 00:00:00";"37,64";"Geprüft"
"05.01.2018 00:00:00";"37,6";"Geprüft"
"06.01.2018 00:00:00";"37,56";"Geprüft"
"07.01.2018 00:00:00";"37,53";"Geprüft"
"08.01.2018 00:00:00";"37,51";"Geprüft"
"09.01.2018 00:00:00";"37,5";"Geprüft"
"10.01.2018 00:00:00";"37,53";"Geprüft"
"11.01.2018 00:00:00";"37,54";"Geprüft"
"12.01.2018 00:00:00";"37,52";"Geprüft"
"13.01.2018 00:00:00";"37,5";"Geprüft"
"14.01.2018 00:00:00";"37,47";"Geprüft"
"15.01.2018 00:00:00";"37,47";"Geprüft"
"16.01.2018 00:00:00";"37,54";"Geprüft"
"17.01.2018 00:00:00";"37,56";"Geprüft"
"18.01.2018 00:00:00";"37,59";"Geprüft"
"19.01.2018 00:00:00";"37,58";"Geprüft"
"20.01.2018 00:00:00";"37,55";"Geprüft"
"21.01.2018 00:00:00";"37,52";"Geprüft"
"22.01.2018 00:00:00";"37,52";"Geprüft"
"23.01.2018 00:00:00";"37,5";"Geprüft"
"24.01.2018 00:00:00";"37,51";"Geprüft"
"25.01.2018 00:00:00";"37,52";"Geprüft"
"26.01.2018 00:00:00";"37,56";"Geprüft"
"27.01.2018 00:00:00";"37,53";"Geprüft"
"28.01.2018 00:00:00";"37,52";"Geprüft"
"29.01.2018 00:00:00";"37,53";"Geprüft"
"30.01.2018 00:00:00";"37,55";"Geprüft"
"31.01.2018 00:00:00";"37,55";"Geprüft"
"01.02.2018 00:00:00";"37,54";"Geprüft"
"02.02.2018 00:00:00";"37,51";"Geprüft"
"03.02.2018 00:00:00";"37,55";"Geprüft"
"04.02.2018 00:00:00";"37,51";"Geprüft"
"05.02.2018 00:00:00";"37,49";"Geprüft"
"06.02.2018 00:00:00";"37,45";"Geprüft"
"07.02.2018 00:00:00";"37,44";"Geprüft"
"08.02.2018 00:00:00";"37,42";"Geprüft"
"09.02.2018 00:00:00";"37,41";"Geprüft"
"10.02.2018 00:00:00";"37,43";"Geprüft"
"11.02.2018 00:00:00";"37,46";"Geprüft"
"12.02.2018 00:00:00";"37,46";"Geprüft"
"13.02.2018 00:00:00";"37,45";"Geprüft"
"14.02.2018 00:00:00";"37,42";"Geprüft"
"15.02.2018 00:00:00";"37,42";"Geprüft"
"16.02.2018 00:00:00";"37,44";"Geprüft"
"17.02.2018 00:00:00";"37,44";"Geprüft"
"18.02.2018 00:00:00";"37,44";"Geprüft"
"19.02.2018 00:00:00";"37,44";"Geprüft"
"20.02.2018 00:00:00";"37,41";"Geprüft"
"21.02.2018 00:00:00";"37,39";"Geprüft"
"22.02.2018 00:00:00";"37,4";"Geprüft"
"23.02.2018 00:00:00";"37,37";"Geprüft"
"24.02.2018 00:00:00";"37,35";"Geprüft"
"25.02.2018 00:00:00";"37,33";"Geprüft"
"26.02.2018 00:00:00";"37,31";"Geprüft"
"27.02.2018 00:00:00";"37,29";"Geprüft"
"28.02.2018 00:00:00";"37,27";"Geprüft"
"01.03.2018 00:00:00";"37,26";"Geprüft"
"02.03.2018 00:00:00";"37,25";"Geprüft"
"03.03.2018 00:00:00";"37,24";"Geprüft"
"04.03.2018 00:00:00";"37,24";"Geprüft"
"05.03.2018 00:00:00";"37,27";"Geprüft"
"06.03.2018 00:00:00";"37,3";"Geprüft"
"07.03.2018 00:00:00";"37,33";"Geprüft"
"08.03.2018 00:00:00";"37,37";"Geprüft"
"09.03.2018 00:00:00";"37,4";"Geprüft"
"10.03.2018 00:00:00";"37,43";"Geprüft"
"11.03.2018 00:00:00";"37,48";"Geprüft"
"12.03.2018 00:00:00";"37,57";"Geprüft"
"13.03.2018 00:00:00";"37,62";"Geprüft"
"14.03.2018 00:00:00";"37,58";"Geprüft"
"15.03.2018 00:00:00";"37,53";"Geprüft"
"16.03.2018 00:00:00";"37,49";"Geprüft"
"17.03.2018 00:00:00";"37,47";"Geprüft"
"18.03.2018 00:00:00";"37,43";"Geprüft"
"19.03.2018 00:00:00";"37,42";"Geprüft"
"20.03.2018 00:00:00";"37,4";"Geprüft"
"21.03.2018 00:00:00";"37,41";"Geprüft"
"22.03.2018 00:00:00";"37,46";"Geprüft"
"23.03.2018 00:00:00";"37,49";"Geprüft"
"24.03.2018 00:00:00";"37,46";"Geprüft"
"25.03.2018 00:00:00";"37,44";"Geprüft"
"26.03.2018 00:00:00";"37,42";"Geprüft"
"27.03.2018 00:00:00";"37,4";"Geprüft"
"28.03.2018 00:00:00";"37,45";"Geprüft"
"29.03.2018 00:00:00";"37,49";"Geprüft"
"30.03.2018 00:00:00";"37,45";"Geprüft"
"31.03.2018 00:00:00";"37,43";"Geprüft"
"01.04.2018 00:00:00";"37,42";"Geprüft"
"02.04.2018 00:00:00";"37,4";"Geprüft"
"03.04.2018 00:00:00";"37,4";"Geprüft"
"04.04.2018 00:00:00";"37,39";"Geprüft"
"05.04.2018 00:00:00";"37,4";"Geprüft"
"06.04.2018 00:00:00";"37,36";"Geprüft"
"07.04.2018 00:00:00";"37,35";"Geprüft"
"08.04.2018 00:00:00";"37,33";"Geprüft"
"09.04.2018 00:00:00";"37,31";"Geprüft"
"10.04.2018 00:00:00";"37,3";"Geprüft"
"11.04.2018 00:00:00";"37,29";"Geprüft"
"12.04.2018 00:00:00";"37,28";"Geprüft"
"13.04.2018 00:00:00";"37,32";"Geprüft"
"14.04.2018 00:00:00";"37,49";"Geprüft"
"15.04.2018 00:00:00";"37,45";"Geprüft"
"16.04.2018 00:00:00";"37,45";"Geprüft"
"17.04.2018 00:00:00";"37,43";"Geprüft"
"18.04.2018 00:00:00";"37,38";"Geprüft"
"19.04.2018 00:00:00";"37,35";"Geprüft"
"20.04.2018 00:00:00";"37,33";"Geprüft"
"21.04.2018 00:00:00";"37,3";"Geprüft"
"22.04.2018 00:00:00";"37,28";"Geprüft"
"23.04.2018 00:00:00";"37,28";"Geprüft"
"24.04.2018 00:00:00";"37,27";"Geprüft"
"25.04.2018 00:00:00";"37,26";"Geprüft"
"26.04.2018 00:00:00";"37,27";"Geprüft"
"27.04.2018 00:00:00";"37,27";"Geprüft"
"28.04.2018 00:00:00";"37,25";"Geprüft"
"29.04.2018 00:00:00";"37,24";"Geprüft"
"30.04.2018 00:00:00";"37,23";"Geprüft"
"01.05.2018 00:00:00";"37,21";"Geprüft"
"02.05.2018 00:00:00";"37,21";"Geprüft"
"03.05.2018 00:00:00";"37,21";"Geprüft"
"04.05.2018 00:00:00";"37,2";"Geprüft"
"05.05.2018 00:00:00";"37,19";"Geprüft"
"06.05.2018 00:00:00";"37,18";"Geprüft"
"07.05.2018 00:00:00";"37,18";"Geprüft"
"08.05.2018 00:00:00";"37,17";"Geprüft"
"09.05.2018 00:00:00";"37,17";"Geprüft"
"10.05.2018 00:00:00";"37,17";"Geprüft"
"11.05.2018 00:00:00";"37,18";"Geprüft"
"12.05.2018 00:00:00";"37,18";"Geprüft"
"13.05.2018 00:00:00";"37,17";"Geprüft"
"14.05.2018 00:00:00";"37,15";"Geprüft"
"15.05.2018 00:00:00";"37,15";"Geprüft"
"16.05.2018 00:00:00";"37,16";"Geprüft"
"17.05.2018 00:00:00";"37,16";"Geprüft"
"18.05.2018 00:00:00";"37,16";"Geprüft"
"19.05.2018 00:00:00";"37,15";"Geprüft"
"20.05.2018 00:00:00";"37,14";"Geprüft"
"21.05.2018 00:00:00";"37,13";"Geprüft"
"22.05.2018 00:00:00";"37,12";"Geprüft"
"23.05.2018 00:00:00";"37,11";"Geprüft"
"24.05.2018 00:00:00";"37,1";"Geprüft"
"25.05.2018 00:00:00";"37,1";"Geprüft"
"26.05.2018 00:00:00";"37,09";"Geprüft"
"27.05.2018 00:00:00";"37,09";"Geprüft"
"28.05.2018 00:00:00";"37,08";"Geprüft"
"29.05.2018 00:00:00";"37,07";"Geprüft"
"30.05.2018 00:00:00";"37,07";"Geprüft"
"31.05.2018 00:00:00";"37,06";"Geprüft"
"01.06.2018 00:00:00";"37,06";"Geprüft"
"02.06.2018 00:00:00";"37,06";"Geprüft"
"03.06.2018 00:00:00";"37,07";"Geprüft"
"04.06.2018 00:00:00";"37,07";"Geprüft"
"05.06.2018 00:00:00";"37,06";"Geprüft"
"06.06.2018 00:00:00";"37,05";"Geprüft"
"07.06.2018 00:00:00";"37,04";"Geprüft"
"08.06.2018 00:00:00";"37,04";"Geprüft"
"09.06.2018 00:00:00";"37,03";"Geprüft"
"10.06.2018 00:00:00";"37,06";"Geprüft"
"11.06.2018 00:00:00";"37,1";"Geprüft"
"12.06.2018 00:00:00";"37,1";"Geprüft"
"13.06.2018 00:00:00";"37,09";"Geprüft"
"14.06.2018 00:00:00";"37,09";"Geprüft"
"15.06.2018 00:00:00";"37,08";"Geprüft"
"16.06.2018 00:00:00";"37,08";"Geprüft"
"17.06.2018 00:00:00";"37,07";"Geprüft"
"18.06.2018 00:00:00";"37,06";"Geprüft"
"19.06.2018 00:00:00";"37,05";"Geprüft"
"20.06.2018 00:00:00";"37,05";"Geprüft"
"21.06.2018 00:00:00";"37,04";"Geprüft"
"22.06.2018 00:00:00";"37,05";"Geprüft"
"23.06.2018 00:00:00";"37,06";"Geprüft"
"24.06.2018 00:00:00";"37,07";"Geprüft"
"25.06.2018 00:00:00";"37,07";"Geprüft"
"26.06.2018 00:00:00";"37,07";"Geprüft"
"27.06.2018 00:00:00";"37,05";"Geprüft"
"28.06.2018 00:00:00";"37,04";"Geprüft"
"29.06.2018 00:00:00";"37,02";"Geprüft"
"30.06.2018 00:00:00";"37,01";"Geprüft"
"01.07.2018 00:00:00";"37,01";"Geprüft"
"02.07.2018 00:00:00";"37";"Geprüft"
"03.07.2018 00:00:00";"36,99";"Geprüft"
"04.07.2018 00:00:00";"36,99";"Geprüft"
"05.07.2018 00:00:00";"36,98";"Geprüft"
"06.07.2018 00:00:00";"36,98";"Geprüft"
"07.07.2018 00:00:00";"36,98";"Geprüft"
"08.07.2018 00:00:00";"36,97";"Geprüft"
"09.07.2018 00:00:00";"36,97";"Geprüft"
"10.07.2018 00:00:00";"36,97";"Geprüft"
"11.07.2018 00:00:00";"36,98";"Geprüft"
"12.07.2018 00:00:00";"37,19";"Geprüft"
"13.07.2018 00:00:00";"37,2";"Geprüft"
"14.07.2018 00:00:00";"37,18";"Geprüft"
"15.07.2018 00:00:00";"37,16";"Geprüft"
"16.07.2018 00:00:00";"37,14";"Geprüft"
"17.07.2018 00:00:00";"37,13";"Geprüft"
"18.07.2018 00:00:00";"37,11";"Geprüft"
"19.07.2018 00:00:00";"37,12";"Geprüft"
"20.07.2018 00:00:00";"37,12";"Geprüft"
"21.07.2018 00:00:00";"37,1";"Geprüft"
"22.07.2018 00:00:00";"37,09";"Geprüft"
"23.07.2018 00:00:00";"37,08";"Geprüft"
"24.07.2018 00:00:00";"37,07";"Geprüft"
"25.07.2018 00:00:00";"37,06";"Geprüft"
"26.07.2018 00:00:00";"37,05";"Geprüft"
"27.07.2018 00:00:00";"37,03";"Geprüft"
"28.07.2018 00:00:00";"37,03";"Geprüft"
"29.07.2018 00:00:00";"37,03";"Geprüft"
"30.07.2018 00:00:00";"37,02";"Geprüft"
"31.07.2018 00:00:00";"37,01";"Geprüft"
"01.08.2018 00:00:00";"37";"Geprüft"
"02.08.2018 00:00:00";"36,99";"Geprüft"
"03.08.2018 00:00:00";"36,98";"Geprüft"
"04.08.2018 00:00:00";"36,97";"Geprüft"
"05.08.2018 00:00:00";"36,98";"Geprüft"
"06.08.2018 00:00:00";"36,96";"Geprüft"
"07.08.2018 00:00:00";"36,95";"Geprüft"
"08.08.2018 00:00:00";"36,94";"Geprüft"
"09.08.2018 00:00:00";"36,94";"Geprüft"
"10.08.2018 00:00:00";"36,95";"Geprüft"
"11.08.2018 00:00:00";"36,95";"Geprüft"
"12.08.2018 00:00:00";"36,95";"Geprüft"
"13.08.2018 00:00:00";"36,94";"Geprüft"
"14.08.2018 00:00:00";"36,94";"Geprüft"
"15.08.2018 00:00:00";"36,94";"Geprüft"
"16.08.2018 00:00:00";"36,94";"Geprüft"
"17.08.2018 00:00:00";"36,93";"Geprüft"
"18.08.2018 00:00:00";"36,93";"Geprüft"
"19.08.2018 00:00:00";"36,92";"Geprüft"
"20.08.2018 00:00:00";"36,92";"Geprüft"
"21.08.2018 00:00:00";"36,92";"Geprüft"
"22.08.2018 00:00:00";"36,92";"Geprüft"
"23.08.2018 00:00:00";"36,91";"Geprüft"
"24.08.2018 00:00:00";"36,91";"Geprüft"
"25.08.2018 00:00:00";"36,92";"Geprüft"
"26.08.2018 00:00:00";"36,91";"Geprüft"
"27.08.2018 00:00:00";"36,91";"Geprüft"
"28.08.2018 00:00:00";"36,91";"Geprüft"
"29.08.2018 00:00:00";"36,91";"Geprüft"
"30.08.2018 00:00:00";"36,91";"Geprüft"
"31.08.2018 00:00:00";"36,93";"Geprüft"
"01.09.2018 00:00:00";"36,92";"Geprüft"
"02.09.2018 00:00:00";"36,93";"Geprüft"
"03.09.2018 00:00:00";"36,93";"Geprüft"
"04.09.2018 00:00:00";"36,92";"Geprüft"
"05.09.2018 00:00:00";"36,92";"Geprüft"
"06.09.2018 00:00:00";"36,91";"Geprüft"
"07.09.2018 00:00:00";"36,93";"Geprüft"
"08.09.2018 00:00:00";"36,93";"Geprüft"
"09.09.2018 00:00:00";"36,92";"Geprüft"
"10.09.2018 00:00:00";"36,92";"Geprüft"
"11.09.2018 00:00:00";"36,91";"Geprüft"
"12.09.2018 00:00:00";"36,9";"Geprüft"
"13.09.2018 00:00:00";"36,92";"Geprüft"
"14.09.2018 00:00:00";"36,94";"Geprüft"
"15.09.2018 00:00:00";"36,94";"Geprüft"
"16.09.2018 00:00:00";"36,94";"Geprüft"
"17.09.2018 00:00:00";"36,93";"Geprüft"
"18.09.2018 00:00:00";"36,92";"Geprüft"
"19.09.2018 00:00:00";"36,91";"Geprüft"
"20.09.2018 00:00:00";"36,91";"Geprüft"
"21.09.2018 00:00:00";"36,9";"Geprüft"
"22.09.2018 00:00:00";"36,91";"Geprüft"
"23.09.2018 00:00:00";"36,94";"Geprüft"
"24.09.2018 00:00:00";"36,97";"Geprüft"
"25.09.2018 00:00:00";"36,98";"Geprüft"
"26.09.2018 00:00:00";"36,98";"Geprüft"
"27.09.2018 00:00:00";"36,98";"Geprüft"
"28.09.2018 00:00:00";"36,98";"Geprüft"
"29.09.2018 00:00:00";"36,98";"Geprüft"
"30.09.2018 00:00:00";"36,99";"Geprüft"
"01.10.2018 00:00:00";"36,99";"Geprüft"
"02.10.2018 00:00:00";"37";"Geprüft"
"03.10.2018 00:00:00";"37";"Geprüft"
"04.10.2018 00:00:00";"37";"Geprüft"
"05.10.2018 00:00:00";"37";"Geprüft"
"06.10.2018 00:00:00";"37,01";"Geprüft"
"07.10.2018 00:00:00";"37";"Geprüft"
"08.10.2018 00:00:00";"37,01";"Geprüft"
"09.10.2018 00:00:00";"37,01";"Geprüft"
"10.10.2018 00:00:00";"37,01";"Geprüft"
"11.10.2018 00:00:00";"37,01";"Geprüft"
"12.10.2018 00:00:00";"37,01";"Geprüft"
"13.10.2018 00:00:00";"37,01";"Geprüft"
"14.10.2018 00:00:00";"37";"Geprüft"
"15.10.2018 00:00:00";"37";"Geprüft"
"16.10.2018 00:00:00";"37,01";"Geprüft"
"17.10.2018 00:00:00";"37,01";"Geprüft"
"18.10.2018 00:00:00";"37,02";"Geprüft"
"19.10.2018 00:00:00";"37,02";"Geprüft"
"20.10.2018 00:00:00";"37,03";"Geprüft"
"21.10.2018 00:00:00";"37,03";"Geprüft"
"22.10.2018 00:00:00";"37,04";"Geprüft"
"23.10.2018 00:00:00";"37,04";"Geprüft"
"24.10.2018 00:00:00";"37,05";"Geprüft"
"25.10.2018 00:00:00";"37,05";"Geprüft"
"26.10.2018 00:00:00";"37,06";"Geprüft"
"27.10.2018 00:00:00";"37,06";"Geprüft"
"28.10.2018 00:00:00";"37,06";"Geprüft"
"29.10.2018 00:00:00";"37,07";"Geprüft"
"30.10.2018 00:00:00";"37,07";"Geprüft"
"31.10.2018 00:00:00";"37,06";"Geprüft"
"01.11.2018 00:00:00";"37,07";"Geprüft"
"02.11.2018 00:00:00";"37,07";"Geprüft"
"03.11.2018 00:00:00";"37,07";"Geprüft"
"04.11.2018 00:00:00";"37,08";"Geprüft"
"05.11.2018 00:00:00";"37,08";"Geprüft"
"06.11.2018 00:00:00";"37,09";"Geprüft"
"07.11.2018 00:00:00";"37,08";"Geprüft"
"08.11.2018 00:00:00";"37,08";"Geprüft"
"09.11.2018 00:00:00";"37,08";"Geprüft"
"10.11.2018 00:00:00";"37,08";"Geprüft"
"11.11.2018 00:00:00";"37,09";"Geprüft"
"12.11.2018 00:00:00";"37,09";"Geprüft"
"13.11.2018 00:00:00";"37,1";"Geprüft"
"14.11.2018 00:00:00";"37,11";"Geprüft"
"15.11.2018 00:00:00";"37,12";"Geprüft"
"16.11.2018 00:00:00";"37,12";"Geprüft"
"17.11.2018 00:00:00";"37,12";"Geprüft"
"18.11.2018 00:00:00";"37,12";"Geprüft"
"19.11.2018 00:00:00";"37,12";"Geprüft"
"20.11.2018 00:00:00";"37,12";"Geprüft"
"21.11.2018 00:00:00";"37,14";"Geprüft"
"22.11.2018 00:00:00";"37,14";"Geprüft"
"23.11.2018 00:00:00";"37,14";"Geprüft"
"24.11.2018 00:00:00";"37,14";"Geprüft"
"25.11.2018 00:00:00";"37,15";"Geprüft"
"26.11.2018 00:00:00";"37,15";"Geprüft"
"27.11.2018 00:00:00";"37,15";"Geprüft"
"28.11.2018 00:00:00";"37,15";"Geprüft"
"29.11.2018 00:00:00";"37,15";"Geprüft"
"30.11.2018 00:00:00";"37,15";"Geprüft"
"01.12.2018 00:00:00";"37,17";"Geprüft"
"02.12.2018 00:00:00";"37,17";"Geprüft"
"03.12.2018 00:00:00";"37,19";"Geprüft"
"04.12.2018 00:00:00";"37,18";"Geprüft"
"05.12.2018 00:00:00";"37,18";"Geprüft"
"06.12.2018 00:00:00";"37,18";"Geprüft"
"07.12.2018 00:00:00";"37,19";"Geprüft"
"08.12.2018 00:00:00";"37,21";"Geprüft"
"09.12.2018 00:00:00";"37,22";"Geprüft"
"10.12.2018 00:00:00";"37,23";"Geprüft"
"11.12.2018 00:00:00";"37,25";"Geprüft"
"12.12.2018 00:00:00";"37,27";"Geprüft"
"13.12.2018 00:00:00";"37,27";"Geprüft"
"14.12.2018 00:00:00";"37,27";"Geprüft"
"15.12.2018 00:00:00";"37,27";"Geprüft"
"16.12.2018 00:00:00";"37,27";"Geprüft"
"17.12.2018 00:00:00";"37,27";"Geprüft"
"18.12.2018 00:00:00";"37,28";"Geprüft"
"19.12.2018 00:00:00";"37,28";"Geprüft"
"20.12.2018 00:00:00";"37,29";"Geprüft"
"21.12.2018 00:00:00";"37,3";"Geprüft"
"22.12.2018 00:00:00";"37,34";"Geprüft"
"23.12.2018 00:00:00";"37,38";"Geprüft"
"24.12.2018 00:00:00";"37,42";"Geprüft"
"25.12.2018 00:00:00";"37,41";"Geprüft"
"26.12.2018 00:00:00";"37,41";"Geprüft"
"27.12.2018 00:00:00";"37,42";"Geprüft"
"28.12.2018 00:00:00";"37,42";"Geprüft"
"29.12.2018 00:00:00";"37,43";"Geprüft"
"30.12.2018 00:00:00";"37,47";"Geprüft"
"31.12.2018 00:00:00";"37,45";"Geprüft"
"01.01.2019 00:00:00";"37,47";"Geprüft"
"02.01.2019 00:00:00";"37,45";"Geprüft"
"03.01.2019 00:00:00";"37,42";"Geprüft"
"04.01.2019 00:00:00";"37,44";"Geprüft"
"05.01.2019 00:00:00";"37,48";"Geprüft"
"06.01.2019 00:00:00";"37,46";"Geprüft"
"07.01.2019 00:00:00";"37,47";"Geprüft"
"08.01.2019 00:00:00";"37,56";"Geprüft"
"09.01.2019 00:00:00";"37,6";"Geprüft"
"10.01.2019 00:00:00";"37,55";"Geprüft"
"11.01.2019 00:00:00";"37,54";"Geprüft"
"12.01.2019 00:00:00";"37,54";"Geprüft"
"13.01.2019 00:00:00";"37,58";"Geprüft"
"14.01.2019 00:00:00";"37,55";"Geprüft"
"15.01.2019 00:00:00";"37,53";"Geprüft"
"16.01.2019 00:00:00";"37,54";"Geprüft"
"17.01.2019 00:00:00";"37,52";"Geprüft"
"18.01.2019 00:00:00";"37,52";"Geprüft"
"19.01.2019 00:00:00";"37,49";"Geprüft"
"20.01.2019 00:00:00";"37,45";"Geprüft"
"21.01.2019 00:00:00";"37,44";"Geprüft"
"22.01.2019 00:00:00";"37,42";"Geprüft"
"23.01.2019 00:00:00";"37,39";"Geprüft"
"24.01.2019 00:00:00";"37,38";"Geprüft"
"25.01.2019 00:00:00";"37,39";"Geprüft"
"26.01.2019 00:00:00";"37,43";"Geprüft"
"27.01.2019 00:00:00";"37,5";"Geprüft"
"28.01.2019 00:00:00";"37,56";"Geprüft"
"29.01.2019 00:00:00";"37,56";"Geprüft"
"30.01.2019 00:00:00";"37,51";"Geprüft"
"31.01.2019 00:00:00";"37,49";"Geprüft"
"01.02.2019 00:00:00";"37,47";"Geprüft"
"02.02.2019 00:00:00";"37,48";"Geprüft"
"03.02.2019 00:00:00";"37,53";"Geprüft"
"04.02.2019 00:00:00";"37,52";"Geprüft"
"05.02.2019 00:00:00";"37,5";"Geprüft"
"06.02.2019 00:00:00";"37,5";"Geprüft"
"07.02.2019 00:00:00";"37,49";"Geprüft"
"08.02.2019 00:00:00";"37,48";"Geprüft"
"09.02.2019 00:00:00";"37,48";"Geprüft"
"10.02.2019 00:00:00";"37,55";"Geprüft"
"11.02.2019 00:00:00";"37,58";"Geprüft"
"12.02.2019 00:00:00";"37,52";"Geprüft"
"13.02.2019 00:00:00";"37,51";"Geprüft"
"14.02.2019 00:00:00";"37,5";"Geprüft"
"15.02.2019 00:00:00";"37,48";"Geprüft"
"16.02.2019 00:00:00";"37,47";"Geprüft"
"17.02.2019 00:00:00";"37,46";"Geprüft"
"18.02.2019 00:00:00";"37,46";"Geprüft"
"19.02.2019 00:00:00";"37,45";"Geprüft"
"20.02.2019 00:00:00";"37,44";"Geprüft"
"21.02.2019 00:00:00";"37,45";"Geprüft"
"22.02.2019 00:00:00";"37,46";"Geprüft"
"23.02.2019 00:00:00";"37,43";"Geprüft"
"24.02.2019 00:00:00";"37,43";"Geprüft"
"25.02.2019 00:00:00";"37,43";"Geprüft"
"26.02.2019 00:00:00";"37,42";"Geprüft"
"27.02.2019 00:00:00";"37,42";"Geprüft"
"28.02.2019 00:00:00";"37,41";"Geprüft"
"01.03.2019 00:00:00";"37,42";"Geprüft"
"02.03.2019 00:00:00";"37,42";"Geprüft"
"03.03.2019 00:00:00";"37,43";"Geprüft"
"04.03.2019 00:00:00";"37,46";"Geprüft"
"05.03.2019 00:00:00";"37,44";"Geprüft"
"06.03.2019 00:00:00";"37,43";"Geprüft"
"07.03.2019 00:00:00";"37,42";"Geprüft"
"08.03.2019 00:00:00";"37,39";"Geprüft"
"09.03.2019 00:00:00";"37,47";"Geprüft"
"10.03.2019 00:00:00";"37,59";"Geprüft"
"11.03.2019 00:00:00";"37,63";"Geprüft"
"12.03.2019 00:00:00";"37,56";"Geprüft"
"13.03.2019 00:00:00";"37,53";"Geprüft"
"14.03.2019 00:00:00";"37,56";"Geprüft"
"15.03.2019 00:00:00";"37,58";"Geprüft"
"16.03.2019 00:00:00";"37,58";"Geprüft"
"17.03.2019 00:00:00";"37,57";"Geprüft"
"18.03.2019 00:00:00";"37,52";"Geprüft"
"19.03.2019 00:00:00";"37,49";"Geprüft"
"20.03.2019 00:00:00";"37,48";"Geprüft"
"21.03.2019 00:00:00";"37,47";"Geprüft"
"22.03.2019 00:00:00";"37,47";"Geprüft"
"23.03.2019 00:00:00";"37,46";"Geprüft"
"24.03.2019 00:00:00";"37,44";"Geprüft"
"25.03.2019 00:00:00";"37,47";"Geprüft"
"26.03.2019 00:00:00";"37,46";"Geprüft"
"27.03.2019 00:00:00";"37,44";"Geprüft"
"28.03.2019 00:00:00";"37,46";"Geprüft"
"29.03.2019 00:00:00";"37,48";"Geprüft"
"30.03.2019 00:00:00";"37,47";"Geprüft"
"31.03.2019 00:00:00";"37,45";"Geprüft"
"01.04.2019 00:00:00";"37,43";"Geprüft"
"02.04.2019 00:00:00";"37,42";"Geprüft"
"03.04.2019 00:00:00";"37,41";"Geprüft"
"04.04.2019 00:00:00";"37,4";"Geprüft"
"05.04.2019 00:00:00";"37,38";"Geprüft"
"06.04.2019 00:00:00";"37,37";"Geprüft"
"07.04.2019 00:00:00";"37,35";"Geprüft"
"08.04.2019 00:00:00";"37,33";"Geprüft"
"09.04.2019 00:00:00";"37,32";"Geprüft"
"10.04.2019 00:00:00";"37,31";"Geprüft"
"11.04.2019 00:00:00";"37,3";"Geprüft"
"12.04.2019 00:00:00";"37,3";"Geprüft"
"13.04.2019 00:00:00";"37,3";"Geprüft"
"14.04.2019 00:00:00";"37,31";"Geprüft"
"15.04.2019 00:00:00";"37,31";"Geprüft"
"16.04.2019 00:00:00";"37,29";"Geprüft"
"17.04.2019 00:00:00";"37,28";"Geprüft"
"18.04.2019 00:00:00";"37,27";"Geprüft"
"19.04.2019 00:00:00";"37,26";"Geprüft"
"20.04.2019 00:00:00";"37,26";"Geprüft"
"21.04.2019 00:00:00";"37,25";"Geprüft"
"22.04.2019 00:00:00";"37,25";"Geprüft"
"23.04.2019 00:00:00";"37,24";"Geprüft"
"24.04.2019 00:00:00";"37,23";"Geprüft"
"25.04.2019 00:00:00";"37,22";"Geprüft"
"26.04.2019 00:00:00";"37,22";"Geprüft"
"27.04.2019 00:00:00";"37,25";"Geprüft"
"28.04.2019 00:00:00";"37,24";"Geprüft"
"29.04.2019 00:00:00";"37,25";"Geprüft"
"30.04.2019 00:00:00";"37,24";"Geprüft"
"01.05.2019 00:00:00";"37,23";"Geprüft"
"02.05.2019 00:00:00";"37,22";"Geprüft"
"03.05.2019 00:00:00";"37,22";"Geprüft"
"04.05.2019 00:00:00";"37,21";"Geprüft"
"05.05.2019 00:00:00";"37,21";"Geprüft"
"06.05.2019 00:00:00";"37,21";"Geprüft"
"07.05.2019 00:00:00";"37,21";"Geprüft"
"08.05.2019 00:00:00";"37,21";"Geprüft"
"09.05.2019 00:00:00";"37,21";"Geprüft"
"10.05.2019 00:00:00";"37,2";"Geprüft"
"11.05.2019 00:00:00";"37,21";"Geprüft"
"12.05.2019 00:00:00";"37,22";"Geprüft"
"13.05.2019 00:00:00";"37,2";"Geprüft"
"14.05.2019 00:00:00";"37,2";"Geprüft"
"15.05.2019 00:00:00";"37,2";"Geprüft"
"16.05.2019 00:00:00";"37,28";"Geprüft"
"17.05.2019 00:00:00";"37,32";"Geprüft"
"18.05.2019 00:00:00";"37,28";"Geprüft"
"19.05.2019 00:00:00";"37,25";"Geprüft"
"20.05.2019 00:00:00";"37,24";"Geprüft"
"21.05.2019 00:00:00";"37,24";"Geprüft"
"22.05.2019 00:00:00";"37,25";"Geprüft"
"23.05.2019 00:00:00";"37,24";"Geprüft"
"24.05.2019 00:00:00";"37,21";"Geprüft"
"25.05.2019 00:00:00";"37,19";"Geprüft"
"26.05.2019 00:00:00";"37,18";"Geprüft"
"27.05.2019 00:00:00";"37,18";"Geprüft"
"28.05.2019 00:00:00";"37,18";"Geprüft"
"29.05.2019 00:00:00";"37,17";"Geprüft"
"30.05.2019 00:00:00";"37,16";"Geprüft"
"31.05.2019 00:00:00";"37,16";"Geprüft"
"01.06.2019 00:00:00";"37,15";"Geprüft"
"02.06.2019 00:00:00";"37,14";"Geprüft"
"03.06.2019 00:00:00";"37,14";"Geprüft"
"04.06.2019 00:00:00";"37,14";"Geprüft"
"05.06.2019 00:00:00";"37,13";"Geprüft"
"06.06.2019 00:00:00";"37,21";"Geprüft"
"07.06.2019 00:00:00";"37,33";"Geprüft"
"08.06.2019 00:00:00";"37,29";"Geprüft"
"09.06.2019 00:00:00";"37,24";"Geprüft"
"10.06.2019 00:00:00";"37,23";"Geprüft"
"11.06.2019 00:00:00";"37,34";"Geprüft"
"12.06.2019 00:00:00";"37,45";"Geprüft"
"13.06.2019 00:00:00";"37,41";"Geprüft"
"14.06.2019 00:00:00";"37,35";"Geprüft"
"15.06.2019 00:00:00";"37,3";"Geprüft"
"16.06.2019 00:00:00";"37,26";"Geprüft"
"17.06.2019 00:00:00";"37,24";"Geprüft"
"18.06.2019 00:00:00";"37,22";"Geprüft"
"19.06.2019 00:00:00";"37,2";"Geprüft"
"20.06.2019 00:00:00";"37,19";"Geprüft"
"21.06.2019 00:00:00";"37,22";"Geprüft"
"22.06.2019 00:00:00";"37,2";"Geprüft"
"23.06.2019 00:00:00";"37,17";"Geprüft"
"24.06.2019 00:00:00";"37,16";"Geprüft"
"25.06.2019 00:00:00";"37,14";"Geprüft"
"26.06.2019 00:00:00";"37,13";"Geprüft"
"27.06.2019 00:00:00";"37,12";"Geprüft"
"28.06.2019 00:00:00";"37,11";"Geprüft"
"29.06.2019 00:00:00";"37,1";"Geprüft"
"30.06.2019 00:00:00";"37,09";"Geprüft"
"01.07.2019 00:00:00";"37,08";"Geprüft"
"02.07.2019 00:00:00";"37,07";"Geprüft"
"03.07.2019 00:00:00";"37,07";"Geprüft"
"04.07.2019 00:00:00";"37,06";"Geprüft"
"05.07.2019 00:00:00";"37,06";"Geprüft"
"06.07.2019 00:00:00";"37,06";"Geprüft"
"07.07.2019 00:00:00";"37,07";"Geprüft"
"08.07.2019 00:00:00";"37,07";"Geprüft"
"09.07.2019 00:00:00";"37,07";"Geprüft"
"10.07.2019 00:00:00";"37,07";"Geprüft"
"11.07.2019 00:00:00";"37,06";"Geprüft"
"12.07.2019 00:00:00";"37,07";"Geprüft"
"13.07.2019 00:00:00";"37,07";"Geprüft"
"14.07.2019 00:00:00";"37,07";"Geprüft"
"15.07.2019 00:00:00";"37,07";"Geprüft"
"16.07.2019 00:00:00";"37,07";"Geprüft"
"17.07.2019 00:00:00";"37,06";"Geprüft"
"18.07.2019 00:00:00";"37,05";"Geprüft"
"19.07.2019 00:00:00";"37,04";"Geprüft"
"20.07.2019 00:00:00";"37,04";"Geprüft"
"21.07.2019 00:00:00";"37,08";"Geprüft"
"22.07.2019 00:00:00";"37,08";"Geprüft"
"23.07.2019 00:00:00";"37,07";"Geprüft"
"24.07.2019 00:00:00";"37,05";"Geprüft"
"25.07.2019 00:00:00";"37,03";"Geprüft"
"26.07.2019 00:00:00";"37,02";"Geprüft"
"27.07.2019 00:00:00";"37,01";"Geprüft"
"28.07.2019 00:00:00";"37";"Geprüft"
"29.07.2019 00:00:00";"36,99";"Geprüft"
"30.07.2019 00:00:00";"36,99";"Geprüft"
"31.07.2019 00:00:00";"37";"Geprüft"
"01.08.2019 00:00:00";"37";"Geprüft"
"02.08.2019 00:00:00";"37";"Geprüft"
"03.08.2019 00:00:00";"37";"Geprüft"
"04.08.2019 00:00:00";"36,99";"Geprüft"
"05.08.2019 00:00:00";"36,98";"Geprüft"
"06.08.2019 00:00:00";"37";"Geprüft"
"07.08.2019 00:00:00";"37,05";"Geprüft"
"08.08.2019 00:00:00";"37,07";"Geprüft"
"09.08.2019 00:00:00";"37,06";"Geprüft"
"10.08.2019 00:00:00";"37,05";"Geprüft"
"11.08.2019 00:00:00";"37,03";"Geprüft"
"12.08.2019 00:00:00";"37,02";"Geprüft"
"13.08.2019 00:00:00";"37,01";"Geprüft"
"14.08.2019 00:00:00";"37";"Geprüft"
"15.08.2019 00:00:00";"36,99";"Geprüft"
"16.08.2019 00:00:00";"36,99";"Geprüft"
"17.08.2019 00:00:00";"36,98";"Geprüft"
"18.08.2019 00:00:00";"36,98";"Geprüft"
"19.08.2019 00:00:00";"36,98";"Geprüft"
"20.08.2019 00:00:00";"36,97";"Geprüft"
"21.08.2019 00:00:00";"36,97";"Geprüft"
"22.08.2019 00:00:00";"36,96";"Geprüft"
"23.08.2019 00:00:00";"36,95";"Geprüft"
"24.08.2019 00:00:00";"36,95";"Geprüft"
"25.08.2019 00:00:00";"36,94";"Geprüft"
"26.08.2019 00:00:00";"36,94";"Geprüft"
"27.08.2019 00:00:00";"36,94";"Geprüft"
"28.08.2019 00:00:00";"36,95";"Geprüft"
"29.08.2019 00:00:00";"36,99";"Geprüft"
"30.08.2019 00:00:00";"36,99";"Geprüft"
"31.08.2019 00:00:00";"36,99";"Geprüft"
"01.09.2019 00:00:00";"36,97";"Geprüft"
"02.09.2019 00:00:00";"36,96";"Geprüft"
"03.09.2019 00:00:00";"36,95";"Geprüft"
"04.09.2019 00:00:00";"36,95";"Geprüft"
"05.09.2019 00:00:00";"36,94";"Geprüft"
"06.09.2019 00:00:00";"36,94";"Geprüft"
"07.09.2019 00:00:00";"36,95";"Geprüft"
"08.09.2019 00:00:00";"36,95";"Geprüft"
"09.09.2019 00:00:00";"36,99";"Geprüft"
"10.09.2019 00:00:00";"37,04";"Geprüft"
"11.09.2019 00:00:00";"37,05";"Geprüft"
"12.09.2019 00:00:00";"37,05";"Geprüft"
"13.09.2019 00:00:00";"37,05";"Geprüft"
"14.09.2019 00:00:00";"37,05";"Geprüft"
"15.09.2019 00:00:00";"37,04";"Geprüft"
"16.09.2019 00:00:00";"37,05";"Geprüft"
"17.09.2019 00:00:00";"37,06";"Geprüft"
"18.09.2019 00:00:00";"37,05";"Geprüft"
"19.09.2019 00:00:00";"37,05";"Geprüft"
"20.09.2019 00:00:00";"37,05";"Geprüft"
"21.09.2019 00:00:00";"37,05";"Geprüft"
"22.09.2019 00:00:00";"37,05";"Geprüft"
"23.09.2019 00:00:00";"37,04";"Geprüft"
"25.09.2019 00:00:00";"37,07";"Geprüft"
"26.09.2019 00:00:00";"37,08";"Geprüft"
"27.09.2019 00:00:00";"37,09";"Geprüft"
"28.09.2019 00:00:00";"37,1";"Geprüft"
"29.09.2019 00:00:00";"37,11";"Geprüft"
"30.09.2019 00:00:00";"37,12";"Geprüft"
"01.10.2019 00:00:00";"37,15";"Geprüft"
"02.10.2019 00:00:00";"37,17";"Geprüft"
"03.10.2019 00:00:00";"37,18";"Geprüft"
"04.10.2019 00:00:00";"37,19";"Geprüft"
"05.10.2019 00:00:00";"37,27";"Geprüft"
"06.10.2019 00:00:00";"37,27";"Geprüft"
"07.10.2019 00:00:00";"37,25";"Geprüft"
"08.10.2019 00:00:00";"37,25";"Geprüft"
"09.10.2019 00:00:00";"37,26";"Geprüft"
"10.10.2019 00:00:00";"37,27";"Geprüft"
"11.10.2019 00:00:00";"37,26";"Geprüft"
"12.10.2019 00:00:00";"37,24";"Geprüft"
"13.10.2019 00:00:00";"37,23";"Geprüft"
"14.10.2019 00:00:00";"37,23";"Geprüft"
"15.10.2019 00:00:00";"37,23";"Geprüft"
"16.10.2019 00:00:00";"37,24";"Geprüft"
"17.10.2019 00:00:00";"37,26";"Geprüft"
"18.10.2019 00:00:00";"37,26";"Geprüft"
"19.10.2019 00:00:00";"37,26";"Geprüft"
"20.10.2019 00:00:00";"37,26";"Geprüft"
"21.10.2019 00:00:00";"37,25";"Geprüft"
"22.10.2019 00:00:00";"37,25";"Geprüft"
"23.10.2019 00:00:00";"37,25";"Geprüft"
"24.10.2019 00:00:00";"37,25";"Geprüft"
"25.10.2019 00:00:00";"37,24";"Geprüft"
"26.10.2019 00:00:00";"37,24";"Geprüft"
"27.10.2019 00:00:00";"37,24";"Geprüft"
"28.10.2019 00:00:00";"37,24";"Geprüft"
"29.10.2019 00:00:00";"37,24";"Geprüft"
"30.10.2019 00:00:00";"37,23";"Geprüft"
"31.10.2019 00:00:00";"37,24";"Geprüft"
"01.11.2019 00:00:00";"37,25";"Geprüft"
"02.11.2019 00:00:00";"37,27";"Geprüft"
"03.11.2019 00:00:00";"37,28";"Geprüft"
"04.11.2019 00:00:00";"37,3";"Geprüft"
"05.11.2019 00:00:00";"37,31";"Geprüft"
"06.11.2019 00:00:00";"37,31";"Geprüft"
"07.11.2019 00:00:00";"37,32";"Geprüft"
"08.11.2019 00:00:00";"37,32";"Geprüft"
"09.11.2019 00:00:00";"37,33";"Geprüft"
"10.11.2019 00:00:00";"37,32";"Geprüft"
"11.11.2019 00:00:00";"37,32";"Geprüft"
"12.11.2019 00:00:00";"37,31";"Geprüft"
"13.11.2019 00:00:00";"37,31";"Geprüft"
"14.11.2019 00:00:00";"37,31";"Geprüft"
"15.11.2019 00:00:00";"37,31";"Geprüft"
"16.11.2019 00:00:00";"37,31";"Geprüft"
"17.11.2019 00:00:00";"37,33";"Geprüft"
"18.11.2019 00:00:00";"37,34";"Geprüft"
"19.11.2019 00:00:00";"37,33";"Geprüft"
"20.11.2019 00:00:00";"37,36";"Geprüft"
"21.11.2019 00:00:00";"37,37";"Geprüft"
"22.11.2019 00:00:00";"37,39";"Geprüft"
"23.11.2019 00:00:00";"37,38";"Geprüft"
"24.11.2019 00:00:00";"37,36";"Geprüft"
"25.11.2019 00:00:00";"37,35";"Geprüft"
"26.11.2019 00:00:00";"37,35";"Geprüft"
"27.11.2019 00:00:00";"37,36";"Geprüft"
"28.11.2019 00:00:00";"37,38";"Geprüft"
"29.11.2019 00:00:00";"37,37";"Geprüft"
"30.11.2019 00:00:00";"37,36";"Geprüft"
"01.12.2019 00:00:00";"37,36";"Geprüft"
"02.12.2019 00:00:00";"37,36";"Geprüft"
"03.12.2019 00:00:00";"37,35";"Geprüft"
"04.12.2019 00:00:00";"37,36";"Geprüft"
"05.12.2019 00:00:00";"37,36";"Geprüft"
"06.12.2019 00:00:00";"37,38";"Geprüft"
"07.12.2019 00:00:00";"37,42";"Geprüft"
"08.12.2019 00:00:00";"37,43";"Geprüft"
"09.12.2019 00:00:00";"37,43";"Geprüft"
"10.12.2019 00:00:00";"37,42";"Geprüft"
"11.12.2019 00:00:00";"37,42";"Geprüft"
"12.12.2019 00:00:00";"37,43";"Geprüft"
"13.12.2019 00:00:00";"37,42";"Geprüft"
"14.12.2019 00:00:00";"37,45";"Geprüft"
"15.12.2019 00:00:00";"37,46";"Geprüft"
"16.12.2019 00:00:00";"37,45";"Geprüft"
"17.12.2019 00:00:00";"37,44";"Geprüft"
"18.12.2019 00:00:00";"37,42";"Geprüft"
"19.12.2019 00:00:00";"37,42";"Geprüft"
"20.12.2019 00:00:00";"37,43";"Geprüft"
"21.12.2019 00:00:00";"37,47";"Geprüft"
"22.12.2019 00:00:00";"37,46";"Geprüft"
"23.12.2019 00:00:00";"37,45";"Geprüft"
"24.12.2019 00:00:00";"37,45";"Geprüft"
"25.12.2019 00:00:00";"37,46";"Geprüft"
"26.12.2019 00:00:00";"37,46";"Geprüft"
"27.12.2019 00:00:00";"37,45";"Geprüft"
"28.12.2019 00:00:00";"37,44";"Geprüft"
"29.12.2019 00:00:00";"37,43";"Geprüft"
"30.12.2019 00:00:00";"37,43";"Geprüft"
"31.12.2019 00:00:00";"37,41";"Geprüft"
"01.01.2020 00:00:00";"37,41";"Geprüft"
"02.01.2020 00:00:00";"37,39";"Geprüft"
"03.01.2020 00:00:00";"37,41";"Geprüft"
"04.01.2020 00:00:00";"37,46";"Geprüft"
"05.01.2020 00:00:00";"37,45";"Geprüft"
"06.01.2020 00:00:00";"37,45";"Geprüft"
"07.01.2020 00:00:00";"37,43";"Geprüft"
"08.01.2020 00:00:00";"37,44";"Geprüft"
"09.01.2020 00:00:00";"37,5";"Geprüft"
"10.01.2020 00:00:00";"37,54";"Geprüft"
"11.01.2020 00:00:00";"37,51";"Geprüft"
"12.01.2020 00:00:00";"37,48";"Geprüft"
"13.01.2020 00:00:00";"37,46";"Geprüft"
"14.01.2020 00:00:00";"37,45";"Geprüft"
"15.01.2020 00:00:00";"37,44";"Geprüft"
"16.01.2020 00:00:00";"37,42";"Geprüft"
"17.01.2020 00:00:00";"37,42";"Geprüft"
"18.01.2020 00:00:00";"37,42";"Geprüft"
"19.01.2020 00:00:00";"37,41";"Geprüft"
"20.01.2020 00:00:00";"37,41";"Geprüft"
"21.01.2020 00:00:00";"37,41";"Geprüft"
"22.01.2020 00:00:00";"37,41";"Geprüft"
"23.01.2020 00:00:00";"37,41";"Geprüft"
"24.01.2020 00:00:00";"37,4";"Geprüft"
"25.01.2020 00:00:00";"37,4";"Geprüft"
"26.01.2020 00:00:00";"37,4";"Geprüft"
"27.01.2020 00:00:00";"37,41";"Geprüft"
"28.01.2020 00:00:00";"37,5";"Geprüft"
"29.01.2020 00:00:00";"37,52";"Geprüft"
"30.01.2020 00:00:00";"37,51";"Geprüft"
"31.01.2020 00:00:00";"37,5";"Geprüft"
"01.02.2020 00:00:00";"37,53";"Geprüft"
"02.02.2020 00:00:00";"37,55";"Geprüft"
"03.02.2020 00:00:00";"37,57";"Geprüft"
"04.02.2020 00:00:00";"37,55";"Geprüft"
"05.02.2020 00:00:00";"37,51";"Geprüft"
"06.02.2020 00:00:00";"37,49";"Geprüft"
"07.02.2020 00:00:00";"37,48";"Geprüft"
"08.02.2020 00:00:00";"37,47";"Geprüft"
"09.02.2020 00:00:00";"37,47";"Geprüft"
"10.02.2020 00:00:00";"37,57";"Geprüft"
"11.02.2020 00:00:00";"37,56";"Geprüft"
"12.02.2020 00:00:00";"37,52";"Geprüft"
"13.02.2020 00:00:00";"37,5";"Geprüft"
"14.02.2020 00:00:00";"37,5";"Geprüft"
"15.02.2020 00:00:00";"37,49";"Geprüft"
"16.02.2020 00:00:00";"37,5";"Geprüft"
"17.02.2020 00:00:00";"37,47";"Geprüft"
"18.02.2020 00:00:00";"37,46";"Geprüft"
"19.02.2020 00:00:00";"37,49";"Geprüft"
"20.02.2020 00:00:00";"37,49";"Geprüft"
"21.02.2020 00:00:00";"37,53";"Geprüft"
"22.02.2020 00:00:00";"37,49";"Geprüft"
"23.02.2020 00:00:00";"37,57";"Geprüft"
"24.02.2020 00:00:00";"37,6";"Geprüft"
"25.02.2020 00:00:00";"37,61";"Geprüft"
"26.02.2020 00:00:00";"37,64";"Geprüft"
"27.02.2020 00:00:00";"37,61";"Geprüft"
"28.02.2020 00:00:00";"37,56";"Geprüft"
"29.02.2020 00:00:00";"37,61";"Geprüft"
"01.03.2020 00:00:00";"37,57";"Geprüft"
"02.03.2020 00:00:00";"37,59";"Geprüft"
"03.03.2020 00:00:00";"37,55";"Geprüft"
"04.03.2020 00:00:00";"37,52";"Geprüft"
"05.03.2020 00:00:00";"37,51";"Geprüft"
"06.03.2020 00:00:00";"37,56";"Geprüft"
"07.03.2020 00:00:00";"37,53";"Geprüft"
"08.03.2020 00:00:00";"37,51";"Geprüft"
"09.03.2020 00:00:00";"37,52";"Geprüft"
"10.03.2020 00:00:00";"37,54";"Geprüft"
"11.03.2020 00:00:00";"37,59";"Geprüft"
"12.03.2020 00:00:00";"37,59";"Geprüft"
"13.03.2020 00:00:00";"37,53";"Geprüft"
"14.03.2020 00:00:00";"37,5";"Geprüft"
"15.03.2020 00:00:00";"37,48";"Geprüft"
"16.03.2020 00:00:00";"37,46";"Geprüft"
"17.03.2020 00:00:00";"37,47";"Geprüft"
"18.03.2020 00:00:00";"37,46";"Geprüft"
"19.03.2020 00:00:00";"37,44";"Geprüft"
"20.03.2020 00:00:00";"37,44";"Geprüft"
"21.03.2020 00:00:00";"37,43";"Geprüft"
"22.03.2020 00:00:00";"37,41";"Geprüft"
"23.03.2020 00:00:00";"37,4";"Geprüft"
"24.03.2020 00:00:00";"37,4";"Geprüft"
"25.03.2020 00:00:00";"37,39";"Geprüft"
"26.03.2020 00:00:00";"37,39";"Geprüft"
"27.03.2020 00:00:00";"37,38";"Geprüft"
"28.03.2020 00:00:00";"37,38";"Geprüft"
"29.03.2020 00:00:00";"37,37";"Geprüft"
"30.03.2020 00:00:00";"37,37";"Geprüft"
"31.03.2020 00:00:00";"37,37";"Geprüft"
"01.04.2020 00:00:00";"37,36";"Geprüft"
"02.04.2020 00:00:00";"37,37";"Geprüft"
"03.04.2020 00:00:00";"37,35";"Geprüft"
"04.04.2020 00:00:00";"37,35";"Geprüft"
"05.04.2020 00:00:00";"37,34";"Geprüft"
"06.04.2020 00:00:00";"37,34";"Geprüft"
"07.04.2020 00:00:00";"37,33";"Geprüft"
"08.04.2020 00:00:00";"37,31";"Geprüft"
"09.04.2020 00:00:00";"37,29";"Geprüft"
"10.04.2020 00:00:00";"37,27";"Geprüft"
"11.04.2020 00:00:00";"37,27";"Geprüft"
"12.04.2020 00:00:00";"37,26";"Geprüft"
"13.04.2020 00:00:00";"37,27";"Geprüft"
"14.04.2020 00:00:00";"37,26";"Geprüft"
"15.04.2020 00:00:00";"37,25";"Geprüft"
"16.04.2020 00:00:00";"37,25";"Geprüft"
"17.04.2020 00:00:00";"37,24";"Geprüft"
"18.04.2020 00:00:00";"37,23";"Geprüft"
"19.04.2020 00:00:00";"37,23";"Geprüft"
"20.04.2020 00:00:00";"37,22";"Geprüft"
"21.04.2020 00:00:00";"37,22";"Geprüft"
"22.04.2020 00:00:00";"37,21";"Geprüft"
"23.04.2020 00:00:00";"37,21";"Geprüft"
"24.04.2020 00:00:00";"37,21";"Geprüft"
"25.04.2020 00:00:00";"37,2";"Geprüft"
"26.04.2020 00:00:00";"37,2";"Geprüft"
"27.04.2020 00:00:00";"37,2";"Geprüft"
"28.04.2020 00:00:00";"37,19";"Geprüft"
"29.04.2020 00:00:00";"37,22";"Geprüft"
"30.04.2020 00:00:00";"37,23";"Geprüft"
"01.05.2020 00:00:00";"37,24";"Geprüft"
"02.05.2020 00:00:00";"37,24";"Geprüft"
"03.05.2020 00:00:00";"37,24";"Geprüft"
"04.05.2020 00:00:00";"37,24";"Geprüft"
"05.05.2020 00:00:00";"37,23";"Geprüft"
"06.05.2020 00:00:00";"37,22";"Geprüft"
"07.05.2020 00:00:00";"37,21";"Geprüft"
"08.05.2020 00:00:00";"37,2";"Geprüft"
"09.05.2020 00:00:00";"37,19";"Geprüft"
"10.05.2020 00:00:00";"37,19";"Geprüft"
"11.05.2020 00:00:00";"37,23";"Geprüft"
"12.05.2020 00:00:00";"37,27";"Geprüft"
"13.05.2020 00:00:00";"37,25";"Geprüft"
"14.05.2020 00:00:00";"37,23";"Geprüft"
"15.05.2020 00:00:00";"37,21";"Geprüft"
"16.05.2020 00:00:00";"37,2";"Geprüft"
"17.05.2020 00:00:00";"37,19";"Geprüft"
"18.05.2020 00:00:00";"37,18";"Geprüft"
"19.05.2020 00:00:00";"37,17";"Geprüft"
"20.05.2020 00:00:00";"37,17";"Geprüft"
"21.05.2020 00:00:00";"37,16";"Geprüft"
"22.05.2020 00:00:00";"37,15";"Geprüft"
"23.05.2020 00:00:00";"37,17";"Geprüft"
"24.05.2020 00:00:00";"37,17";"Geprüft"
"25.05.2020 00:00:00";"37,19";"Geprüft"
"26.05.2020 00:00:00";"37,18";"Geprüft"
"27.05.2020 00:00:00";"37,16";"Geprüft"
"28.05.2020 00:00:00";"37,14";"Geprüft"
"29.05.2020 00:00:00";"37,13";"Geprüft"
"30.05.2020 00:00:00";"37,12";"Geprüft"
"31.05.2020 00:00:00";"37,12";"Geprüft"
"01.06.2020 00:00:00";"37,11";"Geprüft"
"02.06.2020 00:00:00";"37,1";"Geprüft"
"03.06.2020 00:00:00";"37,1";"Geprüft"
"04.06.2020 00:00:00";"37,1";"Geprüft"
"05.06.2020 00:00:00";"37,12";"Geprüft"
"06.06.2020 00:00:00";"37,11";"Geprüft"
"07.06.2020 00:00:00";"37,11";"Geprüft"
"08.06.2020 00:00:00";"37,1";"Geprüft"
"09.06.2020 00:00:00";"37,1";"Geprüft"
"10.06.2020 00:00:00";"37,09";"Geprüft"
"11.06.2020 00:00:00";"37,1";"Geprüft"
"12.06.2020 00:00:00";"37,1";"Geprüft"
"13.06.2020 00:00:00";"37,11";"Geprüft"
"14.06.2020 00:00:00";"37,12";"Geprüft"
"15.06.2020 00:00:00";"37,1";"Geprüft"
"16.06.2020 00:00:00";"37,09";"Geprüft"
"17.06.2020 00:00:00";"37,08";"Geprüft"
"18.06.2020 00:00:00";"37,07";"Geprüft"
"19.06.2020 00:00:00";"37,08";"Geprüft"
"20.06.2020 00:00:00";"37,09";"Geprüft"
"21.06.2020 00:00:00";"37,09";"Geprüft"
"22.06.2020 00:00:00";"37,07";"Geprüft"
"23.06.2020 00:00:00";"37,06";"Geprüft"
"24.06.2020 00:00:00";"37,05";"Geprüft"
"25.06.2020 00:00:00";"37,05";"Geprüft"
"26.06.2020 00:00:00";"37,05";"Geprüft"
"27.06.2020 00:00:00";"37,05";"Geprüft"
"28.06.2020 00:00:00";"37,07";"Geprüft"
"29.06.2020 00:00:00";"37,09";"Geprüft"
"30.06.2020 00:00:00";"37,09";"Geprüft"
"01.07.2020 00:00:00";"37,08";"Geprüft"
"02.07.2020 00:00:00";"37,13";"Geprüft"
"03.07.2020 00:00:00";"37,12";"Geprüft"
"04.07.2020 00:00:00";"37,1";"Geprüft"
"05.07.2020 00:00:00";"37,09";"Geprüft"
"06.07.2020 00:00:00";"37,07";"Geprüft"
"07.07.2020 00:00:00";"37,06";"Geprüft"
"08.07.2020 00:00:00";"37,06";"Geprüft"
"09.07.2020 00:00:00";"37,07";"Geprüft"
"10.07.2020 00:00:00";"37,08";"Geprüft"
"11.07.2020 00:00:00";"37,07";"Geprüft"
"12.07.2020 00:00:00";"37,06";"Geprüft"
"13.07.2020 00:00:00";"37,05";"Geprüft"
"14.07.2020 00:00:00";"37,04";"Geprüft"
"15.07.2020 00:00:00";"37,06";"Geprüft"
"16.07.2020 00:00:00";"37,09";"Geprüft"
"17.07.2020 00:00:00";"37,09";"Geprüft"
"18.07.2020 00:00:00";"37,09";"Geprüft"
"19.07.2020 00:00:00";"37,08";"Geprüft"
"20.07.2020 00:00:00";"37,08";"Geprüft"
"21.07.2020 00:00:00";"37,07";"Geprüft"
"22.07.2020 00:00:00";"37,06";"Geprüft"
"23.07.2020 00:00:00";"37,06";"Geprüft"
"24.07.2020 00:00:00";"37,05";"Geprüft"
"25.07.2020 00:00:00";"37,04";"Geprüft"
"26.07.2020 00:00:00";"37,05";"Geprüft"
"27.07.2020 00:00:00";"37,09";"Geprüft"
"28.07.2020 00:00:00";"37,09";"Geprüft"
"29.07.2020 00:00:00";"37,07";"Geprüft"
"30.07.2020 00:00:00";"37,06";"Geprüft"
"31.07.2020 00:00:00";"37,05";"Geprüft"
"01.08.2020 00:00:00";"37,03";"Geprüft"
"02.08.2020 00:00:00";"37,04";"Geprüft"
"03.08.2020 00:00:00";"37,05";"Geprüft"
"04.08.2020 00:00:00";"37,05";"Geprüft"
"05.08.2020 00:00:00";"37,03";"Geprüft"
"06.08.2020 00:00:00";"37,02";"Geprüft"
"07.08.2020 00:00:00";"37,02";"Geprüft"
"08.08.2020 00:00:00";"37,01";"Geprüft"
"09.08.2020 00:00:00";"37";"Geprüft"
"10.08.2020 00:00:00";"37";"Geprüft"
"11.08.2020 00:00:00";"37";"Geprüft"
"12.08.2020 00:00:00";"36,98";"Geprüft"
"13.08.2020 00:00:00";"36,98";"Geprüft"
"14.08.2020 00:00:00";"36,98";"Geprüft"
"15.08.2020 00:00:00";"36,98";"Geprüft"
"16.08.2020 00:00:00";"36,97";"Geprüft"
"17.08.2020 00:00:00";"36,96";"Geprüft"
"18.08.2020 00:00:00";"36,96";"Geprüft"
"19.08.2020 00:00:00";"36,96";"Geprüft"
"20.08.2020 00:00:00";"36,95";"Geprüft"
"21.08.2020 00:00:00";"36,94";"Geprüft"
"22.08.2020 00:00:00";"36,96";"Geprüft"
"23.08.2020 00:00:00";"36,98";"Geprüft"
"24.08.2020 00:00:00";"36,98";"Geprüft"
"25.08.2020 00:00:00";"36,98";"Geprüft"
"26.08.2020 00:00:00";"36,97";"Geprüft"
"27.08.2020 00:00:00";"36,98";"Geprüft"
"28.08.2020 00:00:00";"36,98";"Geprüft"
"29.08.2020 00:00:00";"36,98";"Geprüft"
"30.08.2020 00:00:00";"36,99";"Geprüft"
"31.08.2020 00:00:00";"37,05";"Geprüft"
"01.09.2020 00:00:00";"37,06";"Geprüft"
"02.09.2020 00:00:00";"37,07";"Geprüft"
"03.09.2020 00:00:00";"37,07";"Geprüft"
"04.09.2020 00:00:00";"37,08";"Geprüft"
"05.09.2020 00:00:00";"37,09";"Geprüft"
"06.09.2020 00:00:00";"37,09";"Geprüft"
"07.09.2020 00:00:00";"37,09";"Geprüft"
"08.09.2020 00:00:00";"37,08";"Geprüft"
"09.09.2020 00:00:00";"37,08";"Geprüft"
"10.09.2020 00:00:00";"37,07";"Geprüft"
"11.09.2020 00:00:00";"37,06";"Geprüft"
"12.09.2020 00:00:00";"37,05";"Geprüft"
"13.09.2020 00:00:00";"37,04";"Geprüft"
"14.09.2020 00:00:00";"37,04";"Geprüft"
"15.09.2020 00:00:00";"37,03";"Geprüft"
"16.09.2020 00:00:00";"37,02";"Geprüft"
"17.09.2020 00:00:00";"37,02";"Geprüft"
"18.09.2020 00:00:00";"37,01";"Geprüft"
"19.09.2020 00:00:00";"37,01";"Geprüft"
"20.09.2020 00:00:00";"37";"Geprüft"
"21.09.2020 00:00:00";"36,99";"Geprüft"
"22.09.2020 00:00:00";"36,99";"Geprüft"
"23.09.2020 00:00:00";"36,99";"Geprüft"
"24.09.2020 00:00:00";"36,99";"Geprüft"
"25.09.2020 00:00:00";"37,03";"Geprüft"
"26.09.2020 00:00:00";"37,09";"Geprüft"
"27.09.2020 00:00:00";"37,14";"Geprüft"
"28.09.2020 00:00:00";"37,14";"Geprüft"
"29.09.2020 00:00:00";"37,14";"Geprüft"
"30.09.2020 00:00:00";"37,13";"Geprüft"
"01.10.2020 00:00:00";"37,13";"Geprüft"
"02.10.2020 00:00:00";"37,13";"Geprüft"
"03.10.2020 00:00:00";"37,13";"Geprüft"
"04.10.2020 00:00:00";"37,13";"Geprüft"
"05.10.2020 00:00:00";"37,13";"Geprüft"
"06.10.2020 00:00:00";"37,13";"Geprüft"
"07.10.2020 00:00:00";"37,13";"Geprüft"
"08.10.2020 00:00:00";"37,13";"Geprüft"
"09.10.2020 00:00:00";"37,14";"Geprüft"
"10.10.2020 00:00:00";"37,15";"Geprüft"
"11.10.2020 00:00:00";"37,15";"Geprüft"
"12.10.2020 00:00:00";"37,15";"Geprüft"
"13.10.2020 00:00:00";"37,15";"Geprüft"
"14.10.2020 00:00:00";"37,22";"Geprüft"
"15.10.2020 00:00:00";"37,29";"Geprüft"
"16.10.2020 00:00:00";"37,29";"Geprüft"
"17.10.2020 00:00:00";"37,28";"Geprüft"
"18.10.2020 00:00:00";"37,27";"Geprüft"
"19.10.2020 00:00:00";"37,26";"Geprüft"
"20.10.2020 00:00:00";"37,26";"Geprüft"
"21.10.2020 00:00:00";"37,26";"Geprüft"
"22.10.2020 00:00:00";"37,25";"Geprüft"
"23.10.2020 00:00:00";"37,25";"Geprüft"
"24.10.2020 00:00:00";"37,27";"Geprüft"
"25.10.2020 00:00:00";"37,27";"Geprüft"
"26.10.2020 00:00:00";"37,26";"Geprüft"
"27.10.2020 00:00:00";"37,26";"Geprüft"
"28.10.2020 00:00:00";"37,26";"Geprüft"
"29.10.2020 00:00:00";"37,28";"Geprüft"
"30.10.2020 00:00:00";"37,35";"Geprüft"
"31.10.2020 00:00:00";"37,43";"Geprüft"
"01.11.2020 00:00:00";"37,43";"Geprüft"
"02.11.2020 00:00:00";"37,46";"Geprüft"
"03.11.2020 00:00:00";"37,42";"Geprüft"
"04.11.2020 00:00:00";"37,39";"Geprüft"
"05.11.2020 00:00:00";"37,37";"Geprüft"
"06.11.2020 00:00:00";"37,37";"Geprüft"
"07.11.2020 00:00:00";"37,36";"Geprüft"
"08.11.2020 00:00:00";"37,36";"Geprüft"
"09.11.2020 00:00:00";"37,35";"Geprüft"
"10.11.2020 00:00:00";"37,35";"Geprüft"
"11.11.2020 00:00:00";"37,35";"Geprüft"
"12.11.2020 00:00:00";"37,35";"Geprüft"
"13.11.2020 00:00:00";"37,34";"Geprüft"
"14.11.2020 00:00:00";"37,34";"Geprüft"
"15.11.2020 00:00:00";"37,33";"Geprüft"
"16.11.2020 00:00:00";"37,33";"Geprüft"
"17.11.2020 00:00:00";"37,34";"Geprüft"
"18.11.2020 00:00:00";"37,35";"Geprüft"
"19.11.2020 00:00:00";"37,34";"Geprüft"
"20.11.2020 00:00:00";"37,34";"Geprüft"
"21.11.2020 00:00:00";"37,34";"Geprüft"
"22.11.2020 00:00:00";"37,34";"Geprüft"
"23.11.2020 00:00:00";"37,32";"Geprüft"
"24.11.2020 00:00:00";"37,31";"Geprüft"
"25.11.2020 00:00:00";"37,31";"Geprüft"
"26.11.2020 00:00:00";"37,3";"Geprüft"
"27.11.2020 00:00:00";"37,3";"Geprüft"
"28.11.2020 00:00:00";"37,29";"Geprüft"
"29.11.2020 00:00:00";"37,29";"Geprüft"
"30.11.2020 00:00:00";"37,29";"Geprüft"
"01.12.2020 00:00:00";"37,29";"Geprüft"
"02.12.2020 00:00:00";"37,28";"Geprüft"
"03.12.2020 00:00:00";"37,29";"Geprüft"
"04.12.2020 00:00:00";"37,29";"Geprüft"
"05.12.2020 00:00:00";"37,29";"Geprüft"
"06.12.2020 00:00:00";"37,29";"Geprüft"
"07.12.2020 00:00:00";"37,29";"Geprüft"
"08.12.2020 00:00:00";"37,29";"Geprüft"
"09.12.2020 00:00:00";"37,31";"Geprüft"
"10.12.2020 00:00:00";"37,31";"Geprüft"
"11.12.2020 00:00:00";"37,31";"Geprüft"
"12.12.2020 00:00:00";"37,3";"Geprüft"
"13.12.2020 00:00:00";"37,32";"Geprüft"
"14.12.2020 00:00:00";"37,32";"Geprüft"
"15.12.2020 00:00:00";"37,32";"Geprüft"
"16.12.2020 00:00:00";"37,31";"Geprüft"
"17.12.2020 00:00:00";"37,31";"Geprüft"
"18.12.2020 00:00:00";"37,32";"Geprüft"
"19.12.2020 00:00:00";"37,31";"Geprüft"
"20.12.2020 00:00:00";"37,31";"Geprüft"
"21.12.2020 00:00:00";"37,33";"Geprüft"
"22.12.2020 00:00:00";"37,38";"Geprüft"
"23.12.2020 00:00:00";"37,39";"Geprüft"
"24.12.2020 00:00:00";"37,44";"Geprüft"
"25.12.2020 00:00:00";"37,42";"Geprüft"
"26.12.2020 00:00:00";"37,4";"Geprüft"
"27.12.2020 00:00:00";"37,39";"Geprüft"
"12.01.2021 00:00:00";"37,49";"Geprüft"
"13.01.2021 00:00:00";"37,49";"Geprüft"
"14.01.2021 00:00:00";"37,5";"Geprüft"
"15.01.2021 00:00:00";"37,5";"Geprüft"
"16.01.2021 00:00:00";"37,46";"Geprüft"
"17.01.2021 00:00:00";"37,44";"Geprüft"
"18.01.2021 00:00:00";"37,44";"Geprüft"
"19.01.2021 00:00:00";"37,57";"Geprüft"
"20.01.2021 00:00:00";"37,57";"Geprüft"
"21.01.2021 00:00:00";"37,52";"Geprüft"
"22.01.2021 00:00:00";"37,5";"Geprüft"
"23.01.2021 00:00:00";"37,55";"Geprüft"
"24.01.2021 00:00:00";"37,57";"Geprüft"
"25.01.2021 00:00:00";"37,54";"Geprüft"
"26.01.2021 00:00:00";"37,5";"Geprüft"
"27.01.2021 00:00:00";"37,49";"Geprüft"
"28.01.2021 00:00:00";"37,49";"Geprüft"
"29.01.2021 00:00:00";"37,48";"Geprüft"
"30.01.2021 00:00:00";"37,48";"Geprüft"
"31.01.2021 00:00:00";"37,47";"Geprüft"
"01.02.2021 00:00:00";"37,46";"Geprüft"
"02.02.2021 00:00:00";"37,51";"Geprüft"
"03.02.2021 00:00:00";"37,61";"Geprüft"
"04.02.2021 00:00:00";"37,61";"Geprüft"
"05.02.2021 00:00:00";"37,56";"Geprüft"
"06.02.2021 00:00:00";"37,53";"Geprüft"
"07.02.2021 00:00:00";"37,48";"Geprüft"
"08.02.2021 00:00:00";"37,48";"Geprüft"
"09.02.2021 00:00:00";"37,47";"Geprüft"
"10.02.2021 00:00:00";"37,47";"Geprüft"
"11.02.2021 00:00:00";"37,45";"Geprüft"
"12.02.2021 00:00:00";"37,44";"Geprüft"
"13.02.2021 00:00:00";"37,42";"Geprüft"
"14.02.2021 00:00:00";"37,42";"Geprüft"
"15.02.2021 00:00:00";"37,41";"Geprüft"
"16.02.2021 00:00:00";"37,44";"Geprüft"
"17.02.2021 00:00:00";"37,58";"Geprüft"
"18.02.2021 00:00:00";"37,64";"Geprüft"
"19.02.2021 00:00:00";"37,62";"Geprüft"
"20.02.2021 00:00:00";"37,56";"Geprüft"
"21.02.2021 00:00:00";"37,53";"Geprüft"
"22.02.2021 00:00:00";"37,51";"Geprüft"
"23.02.2021 00:00:00";"37,49";"Geprüft"
"24.02.2021 00:00:00";"37,48";"Geprüft"
"25.02.2021 00:00:00";"37,47";"Geprüft"
"26.02.2021 00:00:00";"37,5";"Geprüft"
"27.02.2021 00:00:00";"37,48";"Geprüft"
"28.02.2021 00:00:00";"37,46";"Geprüft"
"01.03.2021 00:00:00";"37,45";"Geprüft"
"02.03.2021 00:00:00";"37,44";"Geprüft"
"03.03.2021 00:00:00";"37,44";"Geprüft"
"04.03.2021 00:00:00";"37,43";"Geprüft"
"05.03.2021 00:00:00";"37,41";"Geprüft"
"06.03.2021 00:00:00";"37,4";"Geprüft"
"07.03.2021 00:00:00";"37,4";"Geprüft"
"08.03.2021 00:00:00";"37,38";"Geprüft"
"09.03.2021 00:00:00";"37,37";"Geprüft"
"10.03.2021 00:00:00";"37,36";"Geprüft"
"11.03.2021 00:00:00";"37,43";"Geprüft"
"12.03.2021 00:00:00";"37,48";"Geprüft"
"13.03.2021 00:00:00";"37,49";"Geprüft"
"14.03.2021 00:00:00";"37,51";"Geprüft"
"15.03.2021 00:00:00";"37,53";"Geprüft"
"16.03.2021 00:00:00";"37,52";"Geprüft"
"17.03.2021 00:00:00";"37,5";"Geprüft"
"18.03.2021 00:00:00";"37,5";"Geprüft"
"19.03.2021 00:00:00";"37,48";"Geprüft"
"20.03.2021 00:00:00";"37,45";"Geprüft"
"21.03.2021 00:00:00";"37,44";"Geprüft"
"22.03.2021 00:00:00";"37,41";"Geprüft"
"23.03.2021 00:00:00";"37,4";"Geprüft"
"24.03.2021 00:00:00";"37,38";"Geprüft"
"25.03.2021 00:00:00";"37,37";"Geprüft"
"26.03.2021 00:00:00";"37,36";"Geprüft"
"27.03.2021 00:00:00";"37,36";"Geprüft"
"28.03.2021 00:00:00";"37,35";"Geprüft"
"29.03.2021 00:00:00";"37,34";"Geprüft"
"30.03.2021 00:00:00";"37,33";"Geprüft"
"31.03.2021 00:00:00";"37,32";"Geprüft"
"01.04.2021 00:00:00";"37,31";"Geprüft"
"02.04.2021 00:00:00";"37,3";"Geprüft"
"03.04.2021 00:00:00";"37,29";"Geprüft"
"04.04.2021 00:00:00";"37,29";"Geprüft"
"05.04.2021 00:00:00";"37,31";"Geprüft"
"06.04.2021 00:00:00";"37,3";"Geprüft"
"07.04.2021 00:00:00";"37,29";"Geprüft"
"08.04.2021 00:00:00";"37,29";"Geprüft"
"09.04.2021 00:00:00";"37,29";"Geprüft"
"10.04.2021 00:00:00";"37,31";"Geprüft"
"11.04.2021 00:00:00";"37,31";"Geprüft"
"12.04.2021 00:00:00";"37,31";"Geprüft"
"13.04.2021 00:00:00";"37,3";"Geprüft"
"14.04.2021 00:00:00";"37,29";"Geprüft"
"15.04.2021 00:00:00";"37,28";"Geprüft"
"16.04.2021 00:00:00";"37,28";"Geprüft"
"17.04.2021 00:00:00";"37,28";"Geprüft"
"18.04.2021 00:00:00";"37,33";"Geprüft"
"19.04.2021 00:00:00";"37,35";"Geprüft"
"20.04.2021 00:00:00";"37,34";"Geprüft"
"21.04.2021 00:00:00";"37,32";"Geprüft"
"22.04.2021 00:00:00";"37,3";"Geprüft"
"23.04.2021 00:00:00";"37,29";"Geprüft"
"24.04.2021 00:00:00";"37,28";"Geprüft"
"25.04.2021 00:00:00";"37,28";"Geprüft"
"26.04.2021 00:00:00";"37,27";"Geprüft"
"27.04.2021 00:00:00";"37,27";"Geprüft"
"28.04.2021 00:00:00";"37,26";"Geprüft"
"29.04.2021 00:00:00";"37,28";"Geprüft"
"30.04.2021 00:00:00";"37,28";"Geprüft"
"01.05.2021 00:00:00";"37,27";"Geprüft"
"02.05.2021 00:00:00";"37,28";"Geprüft"
"03.05.2021 00:00:00";"37,29";"Geprüft"
"04.05.2021 00:00:00";"37,28";"Geprüft"
"05.05.2021 00:00:00";"37,26";"Geprüft"
"06.05.2021 00:00:00";"37,25";"Geprüft"
"07.05.2021 00:00:00";"37,27";"Geprüft"
"08.05.2021 00:00:00";"37,28";"Geprüft"
"09.05.2021 00:00:00";"37,26";"Geprüft"
"10.05.2021 00:00:00";"37,24";"Geprüft"
"11.05.2021 00:00:00";"37,23";"Geprüft"
"12.05.2021 00:00:00";"37,23";"Geprüft"
"13.05.2021 00:00:00";"37,34";"Geprüft"
"14.05.2021 00:00:00";"37,45";"Geprüft"
"15.05.2021 00:00:00";"37,4";"Geprüft"
"16.05.2021 00:00:00";"37,36";"Geprüft"
"17.05.2021 00:00:00";"37,32";"Geprüft"
"18.05.2021 00:00:00";"37,3";"Geprüft"
"19.05.2021 00:00:00";"37,28";"Geprüft"
"20.05.2021 00:00:00";"37,26";"Geprüft"
"21.05.2021 00:00:00";"37,25";"Geprüft"
"22.05.2021 00:00:00";"37,23";"Geprüft"
"23.05.2021 00:00:00";"37,23";"Geprüft"
"24.05.2021 00:00:00";"37,22";"Geprüft"
"25.05.2021 00:00:00";"37,21";"Geprüft"
"26.05.2021 00:00:00";"37,21";"Geprüft"
"27.05.2021 00:00:00";"37,21";"Geprüft"
"28.05.2021 00:00:00";"37,23";"Geprüft"
"29.05.2021 00:00:00";"37,22";"Geprüft"
"30.05.2021 00:00:00";"37,2";"Geprüft"
"31.05.2021 00:00:00";"37,19";"Geprüft"
"01.06.2021 00:00:00";"37,18";"Geprüft"
"02.06.2021 00:00:00";"37,17";"Geprüft"
"03.06.2021 00:00:00";"37,16";"Geprüft"
"04.06.2021 00:00:00";"37,17";"Geprüft"
"05.06.2021 00:00:00";"37,16";"Geprüft"
"06.06.2021 00:00:00";"37,15";"Geprüft"
"07.06.2021 00:00:00";"37,14";"Geprüft"
"08.06.2021 00:00:00";"37,14";"Geprüft"
"09.06.2021 00:00:00";"37,13";"Geprüft"
"10.06.2021 00:00:00";"37,13";"Geprüft"
"11.06.2021 00:00:00";"37,12";"Geprüft"
"12.06.2021 00:00:00";"37,13";"Geprüft"
"13.06.2021 00:00:00";"37,14";"Geprüft"
"14.06.2021 00:00:00";"37,13";"Geprüft"
"15.06.2021 00:00:00";"37,12";"Geprüft"
"16.06.2021 00:00:00";"37,11";"Geprüft"
"17.06.2021 00:00:00";"37,09";"Geprüft"
"18.06.2021 00:00:00";"37,08";"Geprüft"
"19.06.2021 00:00:00";"37,07";"Geprüft"
"20.06.2021 00:00:00";"37,07";"Geprüft"
"21.06.2021 00:00:00";"37,06";"Geprüft"
"22.06.2021 00:00:00";"37,06";"Geprüft"
"23.06.2021 00:00:00";"37,07";"Geprüft"
"24.06.2021 00:00:00";"37,08";"Geprüft"
"25.06.2021 00:00:00";"37,09";"Geprüft"
"26.06.2021 00:00:00";"37,08";"Geprüft"
"27.06.2021 00:00:00";"37,06";"Geprüft"
"28.06.2021 00:00:00";"37,05";"Geprüft"
"29.06.2021 00:00:00";"37,05";"Geprüft"
"30.06.2021 00:00:00";"37,19";"Geprüft"
"01.07.2021 00:00:00";"37,28";"Geprüft"
"02.07.2021 00:00:00";"37,27";"Geprüft"
"03.07.2021 00:00:00";"37,24";"Geprüft"
"04.07.2021 00:00:00";"37,21";"Geprüft"
"05.07.2021 00:00:00";"37,22";"Geprüft"
"06.07.2021 00:00:00";"37,21";"Geprüft"
"07.07.2021 00:00:00";"37,25";"Geprüft"
"08.07.2021 00:00:00";"37,26";"Geprüft"
"09.07.2021 00:00:00";"37,32";"Geprüft"
"10.07.2021 00:00:00";"37,35";"Geprüft"
"11.07.2021 00:00:00";"37,29";"Geprüft"
"12.07.2021 00:00:00";"37,26";"Geprüft"
"13.07.2021 00:00:00";"37,23";"Geprüft"
"14.07.2021 00:00:00";"37,24";"Geprüft"
"15.07.2021 00:00:00";"37,22";"Geprüft"
"16.07.2021 00:00:00";"37,21";"Geprüft"
"17.07.2021 00:00:00";"37,28";"Geprüft"
"18.07.2021 00:00:00";"37,25";"Geprüft"
"19.07.2021 00:00:00";"37,22";"Geprüft"
"20.07.2021 00:00:00";"37,21";"Geprüft"
"21.07.2021 00:00:00";"37,2";"Geprüft"
"22.07.2021 00:00:00";"37,19";"Geprüft"
"23.07.2021 00:00:00";"37,19";"Geprüft"
"24.07.2021 00:00:00";"37,17";"Geprüft"
"25.07.2021 00:00:00";"37,16";"Geprüft"
"26.07.2021 00:00:00";"37,15";"Geprüft"
"27.07.2021 00:00:00";"37,14";"Geprüft"
"28.07.2021 00:00:00";"37,13";"Geprüft"
"29.07.2021 00:00:00";"37,13";"Geprüft"
"30.07.2021 00:00:00";"37,12";"Geprüft"
"31.07.2021 00:00:00";"37,11";"Geprüft"
"01.08.2021 00:00:00";"37,1";"Geprüft"
"02.08.2021 00:00:00";"37,1";"Geprüft"
"03.08.2021 00:00:00";"37,09";"Geprüft"
"05.08.2021 00:00:00";"37,12";"Geprüft"
"06.08.2021 00:00:00";"37,11";"Geprüft"
"07.08.2021 00:00:00";"37,1";"Geprüft"
"08.08.2021 00:00:00";"37,09";"Geprüft"
"09.08.2021 00:00:00";"37,08";"Geprüft"
"10.08.2021 00:00:00";"37,08";"Geprüft"
"11.08.2021 00:00:00";"37,09";"Geprüft"
"12.08.2021 00:00:00";"37,08";"Geprüft"
"13.08.2021 00:00:00";"37,07";"Geprüft"
"14.08.2021 00:00:00";"37,06";"Geprüft"
"15.08.2021 00:00:00";"37,06";"Geprüft"
"16.08.2021 00:00:00";"37,05";"Geprüft"
"17.08.2021 00:00:00";"37,05";"Geprüft"
"18.08.2021 00:00:00";"37,05";"Geprüft"
"19.08.2021 00:00:00";"37,05";"Geprüft"
"20.08.2021 00:00:00";"37,05";"Geprüft"
"21.08.2021 00:00:00";"37,05";"Geprüft"
"22.08.2021 00:00:00";"37,05";"Geprüft"
"23.08.2021 00:00:00";"37,21";"Geprüft"
"24.08.2021 00:00:00";"37,22";"Geprüft"
"25.08.2021 00:00:00";"37,2";"Geprüft"
"26.08.2021 00:00:00";"37,2";"Geprüft"
"27.08.2021 00:00:00";"37,34";"Geprüft"
"28.08.2021 00:00:00";"37,35";"Geprüft"
"29.08.2021 00:00:00";"37,37";"Geprüft"
"30.08.2021 00:00:00";"37,5";"Geprüft"
"31.08.2021 00:00:00";"37,48";"Geprüft"
"01.09.2021 00:00:00";"37,41";"Geprüft"
"02.09.2021 00:00:00";"37,37";"Geprüft"
"03.09.2021 00:00:00";"37,34";"Geprüft"
"04.09.2021 00:00:00";"37,32";"Geprüft"
"05.09.2021 00:00:00";"37,3";"Geprüft"
"06.09.2021 00:00:00";"37,29";"Geprüft"
"07.09.2021 00:00:00";"37,27";"Geprüft"
"08.09.2021 00:00:00";"37,26";"Geprüft"
"09.09.2021 00:00:00";"37,25";"Geprüft"
"10.09.2021 00:00:00";"37,24";"Geprüft"
"11.09.2021 00:00:00";"37,25";"Geprüft"
"12.09.2021 00:00:00";"37,25";"Geprüft"
"13.09.2021 00:00:00";"37,24";"Geprüft"
"14.09.2021 00:00:00";"37,23";"Geprüft"
"15.09.2021 00:00:00";"37,25";"Geprüft"
"16.09.2021 00:00:00";"37,28";"Geprüft"
"17.09.2021 00:00:00";"37,27";"Geprüft"
"18.09.2021 00:00:00";"37,27";"Geprüft"
"19.09.2021 00:00:00";"37,27";"Geprüft"
"20.09.2021 00:00:00";"37,25";"Geprüft"
"21.09.2021 00:00:00";"37,25";"Geprüft"
"22.09.2021 00:00:00";"37,24";"Geprüft"
"23.09.2021 00:00:00";"37,23";"Geprüft"
"24.09.2021 00:00:00";"37,22";"Geprüft"
"25.09.2021 00:00:00";"37,22";"Geprüft"
"26.09.2021 00:00:00";"37,21";"Geprüft"
"27.09.2021 00:00:00";"37,21";"Geprüft"
"28.09.2021 00:00:00";"37,22";"Geprüft"
"29.09.2021 00:00:00";"37,26";"Geprüft"
"30.09.2021 00:00:00";"37,27";"Geprüft"
"01.10.2021 00:00:00";"37,25";"Geprüft"
"02.10.2021 00:00:00";"37,24";"Geprüft"
"03.10.2021 00:00:00";"37,23";"Geprüft"
"04.10.2021 00:00:00";"37,22";"Geprüft"
"05.10.2021 00:00:00";"37,25";"Geprüft"
"06.10.2021 00:00:00";"37,25";"Geprüft"
"07.10.2021 00:00:00";"37,24";"Geprüft"
"08.10.2021 00:00:00";"37,23";"Geprüft"
"09.10.2021 00:00:00";"37,22";"Geprüft"
"10.10.2021 00:00:00";"37,22";"Geprüft"
"11.10.2021 00:00:00";"37,23";"Geprüft"
"12.10.2021 00:00:00";"37,23";"Geprüft"
"13.10.2021 00:00:00";"37,23";"Geprüft"
"14.10.2021 00:00:00";"37,24";"Geprüft"
"15.10.2021 00:00:00";"37,24";"Geprüft"
"16.10.2021 00:00:00";"37,24";"Geprüft"
"17.10.2021 00:00:00";"37,25";"Geprüft"
"18.10.2021 00:00:00";"37,26";"Geprüft"
"19.10.2021 00:00:00";"37,25";"Geprüft"
"20.10.2021 00:00:00";"37,24";"Geprüft"
"21.10.2021 00:00:00";"37,24";"Geprüft"
"22.10.2021 00:00:00";"37,24";"Geprüft"
"23.10.2021 00:00:00";"37,26";"Geprüft"
"24.10.2021 00:00:00";"37,26";"Geprüft"
"25.10.2021 00:00:00";"37,26";"Geprüft"
"26.10.2021 00:00:00";"37,26";"Geprüft"
"27.10.2021 00:00:00";"37,25";"Geprüft"
"28.10.2021 00:00:00";"37,26";"Geprüft"
"29.10.2021 00:00:00";"37,26";"Geprüft"
"30.10.2021 00:00:00";"37,26";"Geprüft"
"31.10.2021 00:00:00";"37,25";"Geprüft"
"01.11.2021 00:00:00";"37,25";"Geprüft"
"02.11.2021 00:00:00";"37,27";"Geprüft"
"03.11.2021 00:00:00";"37,27";"Geprüft"
"04.11.2021 00:00:00";"37,39";"Geprüft"
"05.11.2021 00:00:00";"37,57";"Geprüft"
"06.11.2021 00:00:00";"37,51";"Geprüft"
"07.11.2021 00:00:00";"37,5";"Geprüft"
"08.11.2021 00:00:00";"37,5";"Geprüft"
"09.11.2021 00:00:00";"37,47";"Geprüft"
"10.11.2021 00:00:00";"37,45";"Geprüft"
"11.11.2021 00:00:00";"37,44";"Geprüft"
"12.11.2021 00:00:00";"37,43";"Geprüft"
"13.11.2021 00:00:00";"37,42";"Geprüft"
"14.11.2021 00:00:00";"37,4";"Geprüft"
"15.11.2021 00:00:00";"37,4";"Geprüft"
"16.11.2021 00:00:00";"37,4";"Geprüft"
"17.11.2021 00:00:00";"37,39";"Geprüft"
"18.11.2021 00:00:00";"37,39";"Geprüft"
"19.11.2021 00:00:00";"37,41";"Geprüft"
"20.11.2021 00:00:00";"37,4";"Geprüft"
"21.11.2021 00:00:00";"37,4";"Geprüft"
"22.11.2021 00:00:00";"37,38";"Geprüft"
"23.11.2021 00:00:00";"37,38";"Geprüft"
"24.11.2021 00:00:00";"37,4";"Geprüft"
"25.11.2021 00:00:00";"37,4";"Geprüft"
"26.11.2021 00:00:00";"37,39";"Geprüft"
"27.11.2021 00:00:00";"37,4";"Geprüft"
"28.11.2021 00:00:00";"37,41";"Geprüft"
"29.11.2021 00:00:00";"37,4";"Geprüft"
"30.11.2021 00:00:00";"37,44";"Geprüft"
"01.12.2021 00:00:00";"37,47";"Geprüft"
"02.12.2021 00:00:00";"37,43";"Geprüft"
"03.12.2021 00:00:00";"37,4";"Geprüft"
"04.12.2021 00:00:00";"37,45";"Geprüft"
"05.12.2021 00:00:00";"37,49";"Geprüft"
"06.12.2021 00:00:00";"37,47";"Geprüft"
"07.12.2021 00:00:00";"37,45";"Geprüft"
"08.12.2021 00:00:00";"37,43";"Geprüft"
"09.12.2021 00:00:00";"37,42";"Geprüft"
"10.12.2021 00:00:00";"37,43";"Geprüft"
"11.12.2021 00:00:00";"37,43";"Geprüft"
"12.12.2021 00:00:00";"37,43";"Geprüft"
"13.12.2021 00:00:00";"37,46";"Geprüft"
"14.12.2021 00:00:00";"37,46";"Geprüft"
"15.12.2021 00:00:00";"37,45";"Geprüft"
"16.12.2021 00:00:00";"37,44";"Geprüft"
"17.12.2021 00:00:00";"37,43";"Geprüft"
"18.12.2021 00:00:00";"37,43";"Geprüft"
"19.12.2021 00:00:00";"37,44";"Geprüft"
"20.12.2021 00:00:00";"37,43";"Geprüft"
"21.12.2021 00:00:00";"37,43";"Geprüft"
"22.12.2021 00:00:00";"37,42";"Geprüft"
"23.12.2021 00:00:00";"37,41";"Geprüft"
"24.12.2021 00:00:00";"37,57";"Geprüft"
"25.12.2021 00:00:00";"37,5";"Geprüft"
"26.12.2021 00:00:00";"37,41";"Geprüft"
"27.12.2021 00:00:00";"37,38";"Geprüft"
"28.12.2021 00:00:00";"37,39";"Geprüft"
"29.12.2021 00:00:00";"37,42";"Geprüft"
"30.12.2021 00:00:00";"37,51";"Geprüft"
"31.12.2021 00:00:00";"37,56";"Geprüft"
"01.01.2022 00:00:00";"37,54";"Geprüft"
"02.01.2022 00:00:00";"37,52";"Geprüft"
"03.01.2022 00:00:00";"37,54";"Geprüft"
"04.01.2022 00:00:00";"37,53";"Geprüft"
"05.01.2022 00:00:00";"37,54";"Geprüft"
"06.01.2022 00:00:00";"37,5";"Geprüft"
"07.01.2022 00:00:00";"37,48";"Geprüft"
"08.01.2022 00:00:00";"37,5";"Geprüft"
"09.01.2022 00:00:00";"37,47";"Geprüft"
"10.01.2022 00:00:00";"37,48";"Geprüft"
"11.01.2022 00:00:00";"37,44";"Geprüft"
"12.01.2022 00:00:00";"37,44";"Geprüft"
"13.01.2022 00:00:00";"37,46";"Geprüft"
"14.01.2022 00:00:00";"37,45";"Geprüft"
"15.01.2022 00:00:00";"37,44";"Geprüft"
"16.01.2022 00:00:00";"37,43";"Geprüft"
"17.01.2022 00:00:00";"37,44";"Geprüft"
"18.01.2022 00:00:00";"37,43";"Geprüft"
"19.01.2022 00:00:00";"37,45";"Geprüft"
"20.01.2022 00:00:00";"37,44";"Geprüft"
"21.01.2022 00:00:00";"37,43";"Geprüft"
"22.01.2022 00:00:00";"37,48";"Geprüft"
"23.01.2022 00:00:00";"37,48";"Geprüft"
"24.01.2022 00:00:00";"37,48";"Geprüft"
"25.01.2022 00:00:00";"37,48";"Geprüft"
"26.01.2022 00:00:00";"37,47";"Geprüft"
"27.01.2022 00:00:00";"37,47";"Geprüft"
"28.01.2022 00:00:00";"37,45";"Geprüft"
"29.01.2022 00:00:00";"37,5";"Geprüft"
"30.01.2022 00:00:00";"37,49";"Geprüft"
"31.01.2022 00:00:00";"37,46";"Geprüft"
"01.02.2022 00:00:00";"37,48";"Geprüft"
"02.02.2022 00:00:00";"37,49";"Geprüft"
"03.02.2022 00:00:00";"37,5";"Geprüft"
"04.02.2022 00:00:00";"37,52";"Geprüft"
"05.02.2022 00:00:00";"37,48";"Geprüft"
"06.02.2022 00:00:00";"37,52";"Geprüft"
"07.02.2022 00:00:00";"37,51";"Geprüft"
"08.02.2022 00:00:00";"37,49";"Geprüft"
"09.02.2022 00:00:00";"37,49";"Geprüft"
"10.02.2022 00:00:00";"37,48";"Geprüft"
"11.02.2022 00:00:00";"37,5";"Geprüft"
"12.02.2022 00:00:00";"37,47";"Geprüft"
"13.02.2022 00:00:00";"37,46";"Geprüft"
"14.02.2022 00:00:00";"37,45";"Geprüft"
"15.02.2022 00:00:00";"37,43";"Geprüft"
"16.02.2022 00:00:00";"37,46";"Geprüft"
"17.02.2022 00:00:00";"37,57";"Geprüft"
"18.02.2022 00:00:00";"37,55";"Geprüft"
"19.02.2022 00:00:00";"37,51";"Geprüft"
"20.02.2022 00:00:00";"37,59";"Geprüft"
"21.02.2022 00:00:00";"37,61";"Geprüft"
"22.02.2022 00:00:00";"37,59";"Geprüft"
"23.02.2022 00:00:00";"37,55";"Geprüft"
"24.02.2022 00:00:00";"37,53";"Geprüft"
"25.02.2022 00:00:00";"37,5";"Geprüft"
"26.02.2022 00:00:00";"37,49";"Geprüft"
"27.02.2022 00:00:00";"37,48";"Geprüft"
"28.02.2022 00:00:00";"37,47";"Geprüft"
"01.03.2022 00:00:00";"37,46";"Geprüft"
"02.03.2022 00:00:00";"37,45";"Geprüft"
"03.03.2022 00:00:00";"37,45";"Geprüft"
"04.03.2022 00:00:00";"37,45";"Geprüft"
"05.03.2022 00:00:00";"37,43";"Geprüft"
"06.03.2022 00:00:00";"37,43";"Geprüft"
"07.03.2022 00:00:00";"37,42";"Geprüft"
"08.03.2022 00:00:00";"37,41";"Geprüft"
"09.03.2022 00:00:00";"37,4";"Geprüft"
"10.03.2022 00:00:00";"37,39";"Geprüft"
"11.03.2022 00:00:00";"37,37";"Geprüft"
"12.03.2022 00:00:00";"37,36";"Geprüft"
"13.03.2022 00:00:00";"37,35";"Geprüft"
"14.03.2022 00:00:00";"37,34";"Geprüft"
"15.03.2022 00:00:00";"37,36";"Geprüft"
"16.03.2022 00:00:00";"37,35";"Geprüft"
"17.03.2022 00:00:00";"37,35";"Geprüft"
"18.03.2022 00:00:00";"37,34";"Geprüft"
"19.03.2022 00:00:00";"37,32";"Geprüft"
"20.03.2022 00:00:00";"37,31";"Geprüft"
"21.03.2022 00:00:00";"37,31";"Geprüft"
"22.03.2022 00:00:00";"37,31";"Geprüft"
"23.03.2022 00:00:00";"37,31";"Geprüft"
"24.03.2022 00:00:00";"37,31";"Geprüft"
"25.03.2022 00:00:00";"37,3";"Geprüft"
"26.03.2022 00:00:00";"37,3";"Geprüft"
"27.03.2022 00:00:00";"37,3";"Geprüft"
"28.03.2022 00:00:00";"37,3";"Geprüft"
"29.03.2022 00:00:00";"37,3";"Geprüft"
"30.03.2022 00:00:00";"37,3";"Geprüft"
"31.03.2022 00:00:00";"37,3";"Geprüft"
"01.04.2022 00:00:00";"37,29";"Geprüft"
"02.04.2022 00:00:00";"37,28";"Geprüft"
"03.04.2022 00:00:00";"37,28";"Geprüft"
"04.04.2022 00:00:00";"37,31";"Geprüft"
"05.04.2022 00:00:00";"37,4";"Geprüft"
"06.04.2022 00:00:00";"37,41";"Geprüft"
"07.04.2022 00:00:00";"37,41";"Geprüft"
"08.04.2022 00:00:00";"37,43";"Geprüft"
"09.04.2022 00:00:00";"37,41";"Geprüft"
"10.04.2022 00:00:00";"37,41";"Geprüft"
"11.04.2022 00:00:00";"37,4";"Geprüft"
"12.04.2022 00:00:00";"37,37";"Geprüft"
"13.04.2022 00:00:00";"37,35";"Geprüft"
"14.04.2022 00:00:00";"37,35";"Geprüft"
"15.04.2022 00:00:00";"37,38";"Geprüft"
"16.04.2022 00:00:00";"37,36";"Geprüft"
"17.04.2022 00:00:00";"37,33";"Geprüft"
"18.04.2022 00:00:00";"37,32";"Geprüft"
"19.04.2022 00:00:00";"37,3";"Geprüft"
"20.04.2022 00:00:00";"37,3";"Geprüft"
"21.04.2022 00:00:00";"37,31";"Geprüft"
"22.04.2022 00:00:00";"37,31";"Geprüft"
"23.04.2022 00:00:00";"37,29";"Geprüft"
"24.04.2022 00:00:00";"37,28";"Geprüft"
"25.04.2022 00:00:00";"37,27";"Geprüft"
"26.04.2022 00:00:00";"37,26";"Geprüft"
"27.04.2022 00:00:00";"37,25";"Geprüft"
"28.04.2022 00:00:00";"37,24";"Geprüft"
"29.04.2022 00:00:00";"37,24";"Geprüft"
"30.04.2022 00:00:00";"37,23";"Geprüft"
"01.05.2022 00:00:00";"37,23";"Geprüft"
"02.05.2022 00:00:00";"37,22";"Geprüft"
"03.05.2022 00:00:00";"37,21";"Geprüft"
"04.05.2022 00:00:00";"37,21";"Geprüft"
"05.05.2022 00:00:00";"37,2";"Geprüft"
"06.05.2022 00:00:00";"37,2";"Geprüft"
"07.05.2022 00:00:00";"37,19";"Geprüft"
"08.05.2022 00:00:00";"37,18";"Geprüft"
"09.05.2022 00:00:00";"37,18";"Geprüft"
"10.05.2022 00:00:00";"37,17";"Geprüft"
"11.05.2022 00:00:00";"37,17";"Geprüft"
"12.05.2022 00:00:00";"37,16";"Geprüft"
"13.05.2022 00:00:00";"37,16";"Geprüft"
"14.05.2022 00:00:00";"37,15";"Geprüft"
"15.05.2022 00:00:00";"37,14";"Geprüft"
"16.05.2022 00:00:00";"37,14";"Geprüft"
"17.05.2022 00:00:00";"37,16";"Geprüft"
"18.05.2022 00:00:00";"37,16";"Geprüft"
"19.05.2022 00:00:00";"37,14";"Geprüft"
"20.05.2022 00:00:00";"37,13";"Geprüft"
"21.05.2022 00:00:00";"37,15";"Geprüft"
"22.05.2022 00:00:00";"37,15";"Geprüft"
"23.05.2022 00:00:00";"37,13";"Geprüft"
"24.05.2022 00:00:00";"37,12";"Geprüft"
"25.05.2022 00:00:00";"37,13";"Geprüft"
"26.05.2022 00:00:00";"37,12";"Geprüft"
"27.05.2022 00:00:00";"37,13";"Geprüft"
"28.05.2022 00:00:00";"37,13";"Geprüft"
"29.05.2022 00:00:00";"37,13";"Geprüft"
"30.05.2022 00:00:00";"37,12";"Geprüft"
"31.05.2022 00:00:00";"37,12";"Geprüft"
"01.06.2022 00:00:00";"37,14";"Geprüft"
"02.06.2022 00:00:00";"37,14";"Geprüft"
"03.06.2022 00:00:00";"37,12";"Geprüft"
"04.06.2022 00:00:00";"37,11";"Geprüft"
"05.06.2022 00:00:00";"37,1";"Geprüft"
"06.06.2022 00:00:00";"37,1";"Geprüft"
"07.06.2022 00:00:00";"37,09";"Geprüft"
"08.06.2022 00:00:00";"37,09";"Geprüft"
"09.06.2022 00:00:00";"37,09";"Geprüft"
"10.06.2022 00:00:00";"37,08";"Geprüft"
"11.06.2022 00:00:00";"37,07";"Geprüft"
"12.06.2022 00:00:00";"37,07";"Geprüft"
"13.06.2022 00:00:00";"37,06";"Geprüft"
"14.06.2022 00:00:00";"37,06";"Geprüft"
"15.06.2022 00:00:00";"37,05";"Geprüft"
"16.06.2022 00:00:00";"37,05";"Geprüft"
"17.06.2022 00:00:00";"37,04";"Geprüft"
"18.06.2022 00:00:00";"37,03";"Geprüft"
"19.06.2022 00:00:00";"37,02";"Geprüft"
"20.06.2022 00:00:00";"37,08";"Geprüft"
"21.06.2022 00:00:00";"37,11";"Geprüft"
"22.06.2022 00:00:00";"37,1";"Geprüft"
"23.06.2022 00:00:00";"37,09";"Geprüft"
"24.06.2022 00:00:00";"37,07";"Geprüft"
"25.06.2022 00:00:00";"37,06";"Geprüft"
"26.06.2022 00:00:00";"37,05";"Geprüft"
"27.06.2022 00:00:00";"37,03";"Geprüft"
"28.06.2022 00:00:00";"37,03";"Geprüft"
"29.06.2022 00:00:00";"37,03";"Geprüft"
"30.06.2022 00:00:00";"37,03";"Geprüft"
"01.07.2022 00:00:00";"37,03";"Geprüft"
"02.07.2022 00:00:00";"37,03";"Geprüft"
"03.07.2022 00:00:00";"37,02";"Geprüft"
"04.07.2022 00:00:00";"37,01";"Geprüft"
"05.07.2022 00:00:00";"37,01";"Geprüft"
"06.07.2022 00:00:00";"37";"Geprüft"
"07.07.2022 00:00:00";"37,03";"Geprüft"
"08.07.2022 00:00:00";"37,05";"Geprüft"
"09.07.2022 00:00:00";"37,06";"Geprüft"
"10.07.2022 00:00:00";"37,07";"Geprüft"
"11.07.2022 00:00:00";"37,06";"Geprüft"
"12.07.2022 00:00:00";"37,05";"Geprüft"
"13.07.2022 00:00:00";"37,04";"Geprüft"
"14.07.2022 00:00:00";"37,03";"Geprüft"
"15.07.2022 00:00:00";"37,03";"Geprüft"
"16.07.2022 00:00:00";"37,02";"Geprüft"
"17.07.2022 00:00:00";"37,01";"Geprüft"
"18.07.2022 00:00:00";"37,01";"Geprüft"
"19.07.2022 00:00:00";"37";"Geprüft"
"20.07.2022 00:00:00";"36,99";"Geprüft"
"21.07.2022 00:00:00";"36,99";"Geprüft"
"22.07.2022 00:00:00";"36,99";"Geprüft"
"23.07.2022 00:00:00";"37";"Geprüft"
"24.07.2022 00:00:00";"37";"Geprüft"
"25.07.2022 00:00:00";"36,99";"Geprüft"
"26.07.2022 00:00:00";"37";"Geprüft"
"27.07.2022 00:00:00";"37,01";"Geprüft"
"28.07.2022 00:00:00";"37";"Geprüft"
"29.07.2022 00:00:00";"36,99";"Geprüft"
"30.07.2022 00:00:00";"36,98";"Geprüft"
"31.07.2022 00:00:00";"36,98";"Geprüft"
"01.08.2022 00:00:00";"36,98";"Geprüft"
"02.08.2022 00:00:00";"36,98";"Geprüft"
"03.08.2022 00:00:00";"36,97";"Geprüft"
"04.08.2022 00:00:00";"36,96";"Geprüft"
"05.08.2022 00:00:00";"36,96";"Geprüft"
"06.08.2022 00:00:00";"36,96";"Geprüft"
"07.08.2022 00:00:00";"36,96";"Geprüft"
"08.08.2022 00:00:00";"36,95";"Geprüft"
"09.08.2022 00:00:00";"36,95";"Geprüft"
"10.08.2022 00:00:00";"36,94";"Geprüft"
"11.08.2022 00:00:00";"36,93";"Geprüft"
"12.08.2022 00:00:00";"36,93";"Geprüft"
"13.08.2022 00:00:00";"36,93";"Geprüft"
"14.08.2022 00:00:00";"36,93";"Geprüft"
"15.08.2022 00:00:00";"36,92";"Geprüft"
"16.08.2022 00:00:00";"36,93";"Geprüft"
"17.08.2022 00:00:00";"36,92";"Geprüft"
"18.08.2022 00:00:00";"36,92";"Geprüft"
"19.08.2022 00:00:00";"36,95";"Geprüft"
"20.08.2022 00:00:00";"36,97";"Geprüft"
"21.08.2022 00:00:00";"36,98";"Geprüft"
"22.08.2022 00:00:00";"36,98";"Geprüft"
"23.08.2022 00:00:00";"36,98";"Geprüft"
"24.08.2022 00:00:00";"36,97";"Geprüft"
"25.08.2022 00:00:00";"36,97";"Geprüft"
"26.08.2022 00:00:00";"36,99";"Geprüft"
"27.08.2022 00:00:00";"37,03";"Geprüft"
"28.08.2022 00:00:00";"37,08";"Geprüft"
"29.08.2022 00:00:00";"37,08";"Geprüft"
"30.08.2022 00:00:00";"37,08";"Geprüft"
"31.08.2022 00:00:00";"37,07";"Geprüft"
"01.09.2022 00:00:00";"37,06";"Geprüft"
"02.09.2022 00:00:00";"37,06";"Geprüft"
"03.09.2022 00:00:00";"37,05";"Geprüft"
"04.09.2022 00:00:00";"37,03";"Geprüft"
"05.09.2022 00:00:00";"37,02";"Geprüft"
"06.09.2022 00:00:00";"37,02";"Geprüft"
"07.09.2022 00:00:00";"37,02";"Geprüft"
"08.09.2022 00:00:00";"37,06";"Geprüft"
"09.09.2022 00:00:00";"37,1";"Geprüft"
"10.09.2022 00:00:00";"37,1";"Geprüft"
"11.09.2022 00:00:00";"37,1";"Geprüft"
"12.09.2022 00:00:00";"37,1";"Geprüft"
"13.09.2022 00:00:00";"37,11";"Geprüft"
"14.09.2022 00:00:00";"37,11";"Geprüft"
"15.09.2022 00:00:00";"37,11";"Geprüft"
"16.09.2022 00:00:00";"37,1";"Geprüft"
"17.09.2022 00:00:00";"37,11";"Geprüft"
"18.09.2022 00:00:00";"37,12";"Geprüft"
"19.09.2022 00:00:00";"37,15";"Geprüft"
"20.09.2022 00:00:00";"37,17";"Geprüft"
"21.09.2022 00:00:00";"37,17";"Geprüft"
"22.09.2022 00:00:00";"37,17";"Geprüft"
"23.09.2022 00:00:00";"37,16";"Geprüft"
"24.09.2022 00:00:00";"37,16";"Geprüft"
"25.09.2022 00:00:00";"37,15";"Geprüft"
"26.09.2022 00:00:00";"37,15";"Geprüft"
"27.09.2022 00:00:00";"37,15";"Geprüft"
"28.09.2022 00:00:00";"37,17";"Geprüft"
"29.09.2022 00:00:00";"37,17";"Geprüft"
"30.09.2022 00:00:00";"37,17";"Geprüft"
"01.10.2022 00:00:00";"37,17";"Geprüft"
"02.10.2022 00:00:00";"37,18";"Geprüft"
"03.10.2022 00:00:00";"37,18";"Geprüft"
"04.10.2022 00:00:00";"37,2";"Geprüft"
"05.10.2022 00:00:00";"37,19";"Geprüft"
"06.10.2022 00:00:00";"37,18";"Geprüft"
"07.10.2022 00:00:00";"37,18";"Geprüft"
"08.10.2022 00:00:00";"37,18";"Geprüft"
"09.10.2022 00:00:00";"37,18";"Geprüft"
"10.10.2022 00:00:00";"37,17";"Geprüft"
"11.10.2022 00:00:00";"37,17";"Geprüft"
"12.10.2022 00:00:00";"37,17";"Geprüft"
"13.10.2022 00:00:00";"37,17";"Geprüft"
"14.10.2022 00:00:00";"37,17";"Geprüft"
"15.10.2022 00:00:00";"37,18";"Geprüft"
"16.10.2022 00:00:00";"37,18";"Geprüft"
"17.10.2022 00:00:00";"37,18";"Geprüft"
"18.10.2022 00:00:00";"37,19";"Geprüft"
"19.10.2022 00:00:00";"37,22";"Geprüft"
"20.10.2022 00:00:00";"37,23";"Geprüft"
"21.10.2022 00:00:00";"37,24";"Geprüft"
"22.10.2022 00:00:00";"37,26";"Geprüft"
"23.10.2022 00:00:00";"37,26";"Geprüft"
"24.10.2022 00:00:00";"37,28";"Geprüft"
"25.10.2022 00:00:00";"37,27";"Geprüft"
"26.10.2022 00:00:00";"37,26";"Geprüft"
"27.10.2022 00:00:00";"37,26";"Geprüft"
"28.10.2022 00:00:00";"37,25";"Geprüft"
"29.10.2022 00:00:00";"37,25";"Geprüft"
"30.10.2022 00:00:00";"37,25";"Geprüft"
"31.10.2022 00:00:00";"37,25";"Geprüft"
"01.11.2022 00:00:00";"37,25";"Geprüft"
"02.11.2022 00:00:00";"37,25";"Geprüft"
"03.11.2022 00:00:00";"37,25";"Geprüft"
"04.11.2022 00:00:00";"37,25";"Geprüft"
"05.11.2022 00:00:00";"37,26";"Geprüft"
"06.11.2022 00:00:00";"37,26";"Geprüft"
"07.11.2022 00:00:00";"37,26";"Geprüft"
"08.11.2022 00:00:00";"37,26";"Geprüft"
"09.11.2022 00:00:00";"37,26";"Geprüft"
"10.11.2022 00:00:00";"37,26";"Geprüft"
"11.11.2022 00:00:00";"37,26";"Geprüft"
"12.11.2022 00:00:00";"37,26";"Geprüft"
"13.11.2022 00:00:00";"37,26";"Geprüft"
"14.11.2022 00:00:00";"37,27";"Geprüft"
"15.11.2022 00:00:00";"37,27";"Geprüft"
"16.11.2022 00:00:00";"37,27";"Geprüft"
"17.11.2022 00:00:00";"37,27";"Geprüft"
"18.11.2022 00:00:00";"37,28";"Geprüft"
"19.11.2022 00:00:00";"37,28";"Geprüft"
"20.11.2022 00:00:00";"37,29";"Geprüft"
"21.11.2022 00:00:00";"37,29";"Geprüft"
"22.11.2022 00:00:00";"37,29";"Geprüft"
"23.11.2022 00:00:00";"37,29";"Geprüft"
"24.11.2022 00:00:00";"37,29";"Geprüft"
"25.11.2022 00:00:00";"37,29";"Geprüft"
"26.11.2022 00:00:00";"37,31";"Geprüft"
"27.11.2022 00:00:00";"37,31";"Geprüft"
"28.11.2022 00:00:00";"37,31";"Geprüft"
"29.11.2022 00:00:00";"37,31";"Geprüft"
"30.11.2022 00:00:00";"37,31";"Geprüft"
"01.12.2022 00:00:00";"37,31";"Geprüft"
"02.12.2022 00:00:00";"37,32";"Geprüft"
"03.12.2022 00:00:00";"37,32";"Geprüft"
"04.12.2022 00:00:00";"37,33";"Geprüft"
"05.12.2022 00:00:00";"37,34";"Geprüft"
"06.12.2022 00:00:00";"37,34";"Geprüft"
"07.12.2022 00:00:00";"37,35";"Geprüft"
"08.12.2022 00:00:00";"37,36";"Geprüft"
"09.12.2022 00:00:00";"37,35";"Geprüft"
"10.12.2022 00:00:00";"37,34";"Geprüft"
"11.12.2022 00:00:00";"37,34";"Geprüft"
"12.12.2022 00:00:00";"37,33";"Geprüft"
"13.12.2022 00:00:00";"37,33";"Geprüft"
"14.12.2022 00:00:00";"37,32";"Geprüft"
"15.12.2022 00:00:00";"37,3";"Geprüft"
"16.12.2022 00:00:00";"37,29";"Geprüft"
"17.12.2022 00:00:00";"37,29";"Geprüft"
"18.12.2022 00:00:00";"37,29";"Geprüft"
"19.12.2022 00:00:00";"37,29";"Geprüft"
"20.12.2022 00:00:00";"37,32";"Geprüft"
"21.12.2022 00:00:00";"37,37";"Geprüft"
"22.12.2022 00:00:00";"37,39";"Geprüft"
"23.12.2022 00:00:00";"37,42";"Geprüft"
"24.12.2022 00:00:00";"37,49";"Geprüft"
"25.12.2022 00:00:00";"37,49";"Geprüft"
"26.12.2022 00:00:00";"37,53";"Geprüft"
"27.12.2022 00:00:00";"37,51";"Geprüft"
"28.12.2022 00:00:00";"37,49";"Geprüft"
"29.12.2022 00:00:00";"37,47";"Geprüft"
"30.12.2022 00:00:00";"37,45";"Geprüft"
"31.12.2022 00:00:00";"37,44";"Geprüft"
"01.01.2023 00:00:00";"37,42";"Geprüft"
"02.01.2023 00:00:00";"37,41";"Geprüft"
"03.01.2023 00:00:00";"37,39";"Geprüft"
"04.01.2023 00:00:00";"37,44";"Geprüft"
"05.01.2023 00:00:00";"37,56";"Geprüft"
"06.01.2023 00:00:00";"37,53";"Geprüft"
"07.01.2023 00:00:00";"37,5";"Geprüft"
"08.01.2023 00:00:00";"37,49";"Geprüft"
"09.01.2023 00:00:00";"37,5";"Geprüft"
"10.01.2023 00:00:00";"37,47";"Geprüft"
"11.01.2023 00:00:00";"37,49";"Geprüft"
"12.01.2023 00:00:00";"37,51";"Geprüft"
"13.01.2023 00:00:00";"37,5";"Geprüft"
"14.01.2023 00:00:00";"37,5";"Geprüft"
"15.01.2023 00:00:00";"37,56";"Geprüft"
"16.01.2023 00:00:00";"37,52";"Geprüft"
"17.01.2023 00:00:00";"37,48";"Geprüft"
"18.01.2023 00:00:00";"37,47";"Geprüft"
"19.01.2023 00:00:00";"37,44";"Geprüft"
"20.01.2023 00:00:00";"37,45";"Geprüft"
"21.01.2023 00:00:00";"37,47";"Geprüft"
"22.01.2023 00:00:00";"37,56";"Geprüft"
"23.01.2023 00:00:00";"37,52";"Geprüft"
"24.01.2023 00:00:00";"37,49";"Geprüft"
"25.01.2023 00:00:00";"37,48";"Geprüft"
"26.01.2023 00:00:00";"37,46";"Geprüft"
"27.01.2023 00:00:00";"37,46";"Geprüft"
"28.01.2023 00:00:00";"37,44";"Geprüft"
"29.01.2023 00:00:00";"37,44";"Geprüft"
"30.01.2023 00:00:00";"37,46";"Geprüft"
"31.01.2023 00:00:00";"37,46";"Geprüft"
"01.02.2023 00:00:00";"37,51";"Geprüft"
"02.02.2023 00:00:00";"37,49";"Geprüft"
"03.02.2023 00:00:00";"37,58";"Geprüft"
"04.02.2023 00:00:00";"37,53";"Geprüft"
"05.02.2023 00:00:00";"37,48";"Geprüft"
"06.02.2023 00:00:00";"37,44";"Geprüft"
"07.02.2023 00:00:00";"37,4";"Geprüft"
"08.02.2023 00:00:00";"37,38";"Geprüft"
"09.02.2023 00:00:00";"37,36";"Geprüft"
"10.02.2023 00:00:00";"37,36";"Geprüft"
"11.02.2023 00:00:00";"37,4";"Geprüft"
"12.02.2023 00:00:00";"37,47";"Geprüft"
"13.02.2023 00:00:00";"37,48";"Geprüft"
"14.02.2023 00:00:00";"37,46";"Geprüft"
"15.02.2023 00:00:00";"37,45";"Geprüft"
"16.02.2023 00:00:00";"37,44";"Geprüft"
"17.02.2023 00:00:00";"37,46";"Geprüft"
"18.02.2023 00:00:00";"37,5";"Geprüft"
"19.02.2023 00:00:00";"37,52";"Geprüft"
"20.02.2023 00:00:00";"37,5";"Geprüft"
"21.02.2023 00:00:00";"37,48";"Geprüft"
"22.02.2023 00:00:00";"37,47";"Geprüft"
"23.02.2023 00:00:00";"37,45";"Geprüft"
"24.02.2023 00:00:00";"37,46";"Geprüft"
"25.02.2023 00:00:00";"37,51";"Geprüft"
"26.02.2023 00:00:00";"37,49";"Geprüft"
"27.02.2023 00:00:00";"37,46";"Geprüft"
"28.02.2023 00:00:00";"37,43";"Geprüft"
"01.03.2023 00:00:00";"37,41";"Geprüft"
"02.03.2023 00:00:00";"37,41";"Geprüft"
"03.03.2023 00:00:00";"37,41";"Geprüft"
"04.03.2023 00:00:00";"37,4";"Geprüft"
"05.03.2023 00:00:00";"37,39";"Geprüft"
"06.03.2023 00:00:00";"37,44";"Geprüft"
"07.03.2023 00:00:00";"37,47";"Geprüft"
"08.03.2023 00:00:00";"37,48";"Geprüft"
"09.03.2023 00:00:00";"37,51";"Geprüft"
"10.03.2023 00:00:00";"37,61";"Geprüft"
"11.03.2023 00:00:00";"37,63";"Geprüft"
"12.03.2023 00:00:00";"37,57";"Geprüft"
"13.03.2023 00:00:00";"37,59";"Geprüft"
"14.03.2023 00:00:00";"37,57";"Geprüft"
"15.03.2023 00:00:00";"37,55";"Geprüft"
"16.03.2023 00:00:00";"37,51";"Geprüft"
"17.03.2023 00:00:00";"37,49";"Geprüft"
"18.03.2023 00:00:00";"37,46";"Geprüft"
"19.03.2023 00:00:00";"37,44";"Geprüft"
"20.03.2023 00:00:00";"37,43";"Geprüft"
"21.03.2023 00:00:00";"37,42";"Geprüft"
"22.03.2023 00:00:00";"37,42";"Geprüft"
"23.03.2023 00:00:00";"37,41";"Geprüft"
"24.03.2023 00:00:00";"37,43";"Geprüft"
"25.03.2023 00:00:00";"37,43";"Geprüft"
"26.03.2023 00:00:00";"37,44";"Geprüft"
"27.03.2023 00:00:00";"37,4";"Geprüft"
"28.03.2023 00:00:00";"37,39";"Geprüft"
"29.03.2023 00:00:00";"37,38";"Geprüft"
"30.03.2023 00:00:00";"37,44";"Geprüft"
"31.03.2023 00:00:00";"37,5";"Geprüft"
"01.04.2023 00:00:00";"37,5";"Geprüft"
"02.04.2023 00:00:00";"37,46";"Geprüft"
"03.04.2023 00:00:00";"37,43";"Geprüft"
"04.04.2023 00:00:00";"37,41";"Geprüft"
"05.04.2023 00:00:00";"37,4";"Geprüft"
"06.04.2023 00:00:00";"37,38";"Geprüft"
"07.04.2023 00:00:00";"37,38";"Geprüft"
"08.04.2023 00:00:00";"37,41";"Geprüft"
"09.04.2023 00:00:00";"37,38";"Geprüft"
"10.04.2023 00:00:00";"37,37";"Geprüft"
"11.04.2023 00:00:00";"37,4";"Geprüft"
"12.04.2023 00:00:00";"37,4";"Geprüft"
"13.04.2023 00:00:00";"37,39";"Geprüft"
"14.04.2023 00:00:00";"37,47";"Geprüft"
"15.04.2023 00:00:00";"37,6";"Geprüft"
"16.04.2023 00:00:00";"37,63";"Geprüft"
"17.04.2023 00:00:00";"37,6";"Geprüft"
"18.04.2023 00:00:00";"37,56";"Geprüft"
"19.04.2023 00:00:00";"37,57";"Geprüft"
"20.04.2023 00:00:00";"37,59";"Geprüft"
"21.04.2023 00:00:00";"37,52";"Geprüft"
"22.04.2023 00:00:00";"37,48";"Geprüft"
"23.04.2023 00:00:00";"37,49";"Geprüft"
"24.04.2023 00:00:00";"37,45";"Geprüft"
"25.04.2023 00:00:00";"37,42";"Geprüft"
"26.04.2023 00:00:00";"37,39";"Geprüft"
"27.04.2023 00:00:00";"37,38";"Geprüft"
"28.04.2023 00:00:00";"37,37";"Geprüft"
"29.04.2023 00:00:00";"37,38";"Geprüft"
"30.04.2023 00:00:00";"37,36";"Geprüft"
"01.05.2023 00:00:00";"37,34";"Geprüft"
"02.05.2023 00:00:00";"37,33";"Geprüft"
"03.05.2023 00:00:00";"37,32";"Geprüft"
"04.05.2023 00:00:00";"37,32";"Geprüft"
"05.05.2023 00:00:00";"37,31";"Geprüft"
"06.05.2023 00:00:00";"37,4";"Geprüft"
"07.05.2023 00:00:00";"37,38";"Geprüft"
"08.05.2023 00:00:00";"37,35";"Geprüft"
"09.05.2023 00:00:00";"37,33";"Geprüft"
"10.05.2023 00:00:00";"37,31";"Geprüft"
"11.05.2023 00:00:00";"37,3";"Geprüft"
"12.05.2023 00:00:00";"37,29";"Geprüft"
"13.05.2023 00:00:00";"37,28";"Geprüft"
"14.05.2023 00:00:00";"37,28";"Geprüft"
"15.05.2023 00:00:00";"37,28";"Geprüft"
"16.05.2023 00:00:00";"37,28";"Geprüft"
"17.05.2023 00:00:00";"37,27";"Geprüft"
"18.05.2023 00:00:00";"37,26";"Geprüft"
"19.05.2023 00:00:00";"37,26";"Geprüft"
"20.05.2023 00:00:00";"37,26";"Geprüft"
"21.05.2023 00:00:00";"37,25";"Geprüft"
"22.05.2023 00:00:00";"37,24";"Geprüft"
"23.05.2023 00:00:00";"37,24";"Geprüft"
"24.05.2023 00:00:00";"37,25";"Geprüft"
"25.05.2023 00:00:00";"37,24";"Geprüft"
"26.05.2023 00:00:00";"37,23";"Geprüft"
"27.05.2023 00:00:00";"37,23";"Geprüft"
"28.05.2023 00:00:00";"37,22";"Geprüft"
"29.05.2023 00:00:00";"37,21";"Geprüft"
"30.05.2023 00:00:00";"37,2";"Geprüft"
"31.05.2023 00:00:00";"37,2";"Geprüft"
"01.06.2023 00:00:00";"37,19";"Geprüft"
"02.06.2023 00:00:00";"37,19";"Geprüft"
"03.06.2023 00:00:00";"37,18";"Geprüft"
"04.06.2023 00:00:00";"37,17";"Geprüft"
"05.06.2023 00:00:00";"37,17";"Geprüft"
"06.06.2023 00:00:00";"37,17";"Geprüft"
"07.06.2023 00:00:00";"37,17";"Geprüft"
"08.06.2023 00:00:00";"37,16";"Geprüft"
"09.06.2023 00:00:00";"37,15";"Geprüft"
"10.06.2023 00:00:00";"37,14";"Geprüft"
"11.06.2023 00:00:00";"37,14";"Geprüft"
"12.06.2023 00:00:00";"37,13";"Geprüft"
"13.06.2023 00:00:00";"37,13";"Geprüft"
"14.06.2023 00:00:00";"37,12";"Geprüft"
"15.06.2023 00:00:00";"37,12";"Geprüft"
"16.06.2023 00:00:00";"37,13";"Geprüft"
"17.06.2023 00:00:00";"37,16";"Geprüft"
"18.06.2023 00:00:00";"37,17";"Geprüft"
"19.06.2023 00:00:00";"37,15";"Geprüft"
"20.06.2023 00:00:00";"37,15";"Geprüft"
"21.06.2023 00:00:00";"37,15";"Geprüft"
"22.06.2023 00:00:00";"37,18";"Geprüft"
"23.06.2023 00:00:00";"37,59";"Geprüft"
"24.06.2023 00:00:00";"37,54";"Geprüft"
"25.06.2023 00:00:00";"37,46";"Geprüft"
"26.06.2023 00:00:00";"37,43";"Geprüft"
"27.06.2023 00:00:00";"37,46";"Geprüft"
"28.06.2023 00:00:00";"37,43";"Geprüft"
"29.06.2023 00:00:00";"37,38";"Geprüft"
"30.06.2023 00:00:00";"37,36";"Geprüft"
"01.07.2023 00:00:00";"37,34";"Geprüft"
"02.07.2023 00:00:00";"37,31";"Geprüft"
"03.07.2023 00:00:00";"37,28";"Geprüft"
"04.07.2023 00:00:00";"37,26";"Geprüft"
"05.07.2023 00:00:00";"37,24";"Geprüft"
"06.07.2023 00:00:00";"37,22";"Geprüft"
"07.07.2023 00:00:00";"37,21";"Geprüft"
"08.07.2023 00:00:00";"37,19";"Geprüft"
"09.07.2023 00:00:00";"37,17";"Geprüft"
"10.07.2023 00:00:00";"37,17";"Geprüft"
"11.07.2023 00:00:00";"37,16";"Geprüft"
"12.07.2023 00:00:00";"37,14";"Geprüft"
"13.07.2023 00:00:00";"37,13";"Geprüft"
"14.07.2023 00:00:00";"37,12";"Geprüft"
"15.07.2023 00:00:00";"37,12";"Geprüft"
"16.07.2023 00:00:00";"37,13";"Geprüft"
"17.07.2023 00:00:00";"37,11";"Geprüft"
"18.07.2023 00:00:00";"37,11";"Geprüft"
"19.07.2023 00:00:00";"37,1";"Geprüft"
"20.07.2023 00:00:00";"37,1";"Geprüft"
"21.07.2023 00:00:00";"37,11";"Geprüft"
"22.07.2023 00:00:00";"37,11";"Geprüft"
"23.07.2023 00:00:00";"37,1";"Geprüft"
"24.07.2023 00:00:00";"37,11";"Geprüft"
"25.07.2023 00:00:00";"37,16";"Geprüft"
"26.07.2023 00:00:00";"37,16";"Geprüft"
"27.07.2023 00:00:00";"37,18";"Geprüft"
"28.07.2023 00:00:00";"37,22";"Geprüft"
"29.07.2023 00:00:00";"37,24";"Geprüft"
"30.07.2023 00:00:00";"37,27";"Geprüft"
"31.07.2023 00:00:00";"37,26";"Geprüft"
"01.08.2023 00:00:00";"37,26";"Geprüft"
"02.08.2023 00:00:00";"37,26";"Geprüft"
"03.08.2023 00:00:00";"37,25";"Geprüft"
"04.08.2023 00:00:00";"37,23";"Geprüft"
"05.08.2023 00:00:00";"37,22";"Geprüft"
"06.08.2023 00:00:00";"37,25";"Geprüft"
"07.08.2023 00:00:00";"37,3";"Geprüft"
"08.08.2023 00:00:00";"37,28";"Geprüft"
"09.08.2023 00:00:00";"37,27";"Geprüft"
"10.08.2023 00:00:00";"37,25";"Geprüft"
"11.08.2023 00:00:00";"37,23";"Geprüft"
"12.08.2023 00:00:00";"37,22";"Geprüft"
"13.08.2023 00:00:00";"37,21";"Geprüft"
"14.08.2023 00:00:00";"37,19";"Geprüft"
"15.08.2023 00:00:00";"37,27";"Geprüft"
"16.08.2023 00:00:00";"37,25";"Geprüft"
"17.08.2023 00:00:00";"37,23";"Geprüft"
"18.08.2023 00:00:00";"37,2";"Geprüft"
"19.08.2023 00:00:00";"37,18";"Geprüft"
"20.08.2023 00:00:00";"37,16";"Geprüft"
"21.08.2023 00:00:00";"37,15";"Geprüft"
"22.08.2023 00:00:00";"37,14";"Geprüft"
"23.08.2023 00:00:00";"37,13";"Geprüft"
"24.08.2023 00:00:00";"37,12";"Geprüft"
"25.08.2023 00:00:00";"37,12";"Geprüft"
"26.08.2023 00:00:00";"37,13";"Geprüft"
"27.08.2023 00:00:00";"37,14";"Geprüft"
"28.08.2023 00:00:00";"37,14";"Geprüft"
"29.08.2023 00:00:00";"37,15";"Geprüft"
"30.08.2023 00:00:00";"37,17";"Geprüft"
"31.08.2023 00:00:00";"37,17";"Geprüft"
"01.09.2023 00:00:00";"37,16";"Geprüft"
"02.09.2023 00:00:00";"37,15";"Geprüft"
"03.09.2023 00:00:00";"37,15";"Geprüft"
"04.09.2023 00:00:00";"37,13";"Geprüft"
"05.09.2023 00:00:00";"37,12";"Geprüft"
"06.09.2023 00:00:00";"37,11";"Geprüft"
"07.09.2023 00:00:00";"37,1";"Geprüft"
"08.09.2023 00:00:00";"37,1";"Geprüft"
"09.09.2023 00:00:00";"37,09";"Geprüft"
"10.09.2023 00:00:00";"37,08";"Geprüft"
"11.09.2023 00:00:00";"37,08";"Geprüft"
"12.09.2023 00:00:00";"37,08";"Geprüft"
"13.09.2023 00:00:00";"37,09";"Geprüft"
"14.09.2023 00:00:00";"37,1";"Geprüft"
"15.09.2023 00:00:00";"37,1";"Geprüft"
"16.09.2023 00:00:00";"37,1";"Geprüft"
"17.09.2023 00:00:00";"37,09";"Geprüft"
"18.09.2023 00:00:00";"37,09";"Geprüft"
"19.09.2023 00:00:00";"37,09";"Geprüft"
"20.09.2023 00:00:00";"37,08";"Geprüft"
"21.09.2023 00:00:00";"37,08";"Geprüft"
"22.09.2023 00:00:00";"37,09";"Geprüft"
"23.09.2023 00:00:00";"37,1";"Geprüft"
"24.09.2023 00:00:00";"37,1";"Geprüft"
"25.09.2023 00:00:00";"37,1";"Geprüft"
"26.09.2023 00:00:00";"37,1";"Geprüft"
"27.09.2023 00:00:00";"37,1";"Geprüft"
"28.09.2023 00:00:00";"37,1";"Geprüft"
"29.09.2023 00:00:00";"37,1";"Geprüft"
"30.09.2023 00:00:00";"37,1";"Geprüft"
"01.10.2023 00:00:00";"37,1";"Geprüft"
"02.10.2023 00:00:00";"37,1";"Geprüft"
"03.10.2023 00:00:00";"37,11";"Geprüft"
"04.10.2023 00:00:00";"37,13";"Geprüft"
"05.10.2023 00:00:00";"37,14";"Geprüft"
"06.10.2023 00:00:00";"37,15";"Geprüft"
"07.10.2023 00:00:00";"37,15";"Geprüft"
"08.10.2023 00:00:00";"37,17";"Geprüft"
"09.10.2023 00:00:00";"37,2";"Geprüft"
"10.10.2023 00:00:00";"37,21";"Geprüft"
"11.10.2023 00:00:00";"37,21";"Geprüft"
"12.10.2023 00:00:00";"37,22";"Geprüft"
"13.10.2023 00:00:00";"37,24";"Geprüft"
"14.10.2023 00:00:00";"37,24";"Geprüft"
"15.10.2023 00:00:00";"37,24";"Geprüft"
"16.10.2023 00:00:00";"37,24";"Geprüft"
"17.10.2023 00:00:00";"37,24";"Geprüft"
"18.10.2023 00:00:00";"37,24";"Geprüft"
"19.10.2023 00:00:00";"37,25";"Geprüft"
"20.10.2023 00:00:00";"37,28";"Geprüft"
"21.10.2023 00:00:00";"37,29";"Geprüft"
"22.10.2023 00:00:00";"37,31";"Geprüft"
"23.10.2023 00:00:00";"37,31";"Geprüft"
"24.10.2023 00:00:00";"37,33";"Geprüft"
"25.10.2023 00:00:00";"37,39";"Geprüft"
"26.10.2023 00:00:00";"37,45";"Geprüft"
"27.10.2023 00:00:00";"37,48";"Geprüft"
"28.10.2023 00:00:00";"37,51";"Geprüft"
"29.10.2023 00:00:00";"37,53";"Geprüft"
"30.10.2023 00:00:00";"37,51";"Geprüft"
"31.10.2023 00:00:00";"37,51";"Geprüft"
"01.11.2023 00:00:00";"37,47";"Geprüft"
"02.11.2023 00:00:00";"37,46";"Geprüft"
"03.11.2023 00:00:00";"37,47";"Geprüft"
"04.11.2023 00:00:00";"37,44";"Geprüft"
"05.11.2023 00:00:00";"37,44";"Geprüft"
"06.11.2023 00:00:00";"37,41";"Geprüft"
"07.11.2023 00:00:00";"37,4";"Geprüft"
"08.11.2023 00:00:00";"37,39";"Geprüft"
"09.11.2023 00:00:00";"37,38";"Geprüft"
"10.11.2023 00:00:00";"37,37";"Geprüft"
"11.11.2023 00:00:00";"37,37";"Geprüft"
"12.11.2023 00:00:00";"37,39";"Geprüft"
"13.11.2023 00:00:00";"37,4";"Geprüft"
"14.11.2023 00:00:00";"37,45";"Geprüft"
"15.11.2023 00:00:00";"37,46";"Geprüft"
"16.11.2023 00:00:00";"37,48";"Geprüft"
"17.11.2023 00:00:00";"37,45";"Geprüft"
"18.11.2023 00:00:00";"37,44";"Geprüft"
"19.11.2023 00:00:00";"37,55";"Geprüft"
"20.11.2023 00:00:00";"37,75";"Geprüft"
"21.11.2023 00:00:00";"37,74";"Geprüft"
"22.11.2023 00:00:00";"37,65";"Geprüft"
"23.11.2023 00:00:00";"37,64";"Geprüft"
"24.11.2023 00:00:00";"37,66";"Geprüft"
"25.11.2023 00:00:00";"37,65";"Geprüft"
"26.11.2023 00:00:00";"37,61";"Geprüft"
"27.11.2023 00:00:00";"37,61";"Geprüft"
"28.11.2023 00:00:00";"37,61";"Geprüft"
"29.11.2023 00:00:00";"37,59";"Geprüft"
"30.11.2023 00:00:00";"37,58";"Geprüft"
"01.12.2023 00:00:00";"37,56";"Geprüft"
"02.12.2023 00:00:00";"37,54";"Geprüft"
"03.12.2023 00:00:00";"37,52";"Geprüft"
"04.12.2023 00:00:00";"37,51";"Geprüft"
"05.12.2023 00:00:00";"37,51";"Geprüft"
"06.12.2023 00:00:00";"37,59";"Geprüft"
"07.12.2023 00:00:00";"37,6";"Geprüft"
"08.12.2023 00:00:00";"37,58";"Geprüft"
"09.12.2023 00:00:00";"37,57";"Geprüft"
"10.12.2023 00:00:00";"37,66";"Geprüft"
"11.12.2023 00:00:00";"37,74";"Geprüft"
"12.12.2023 00:00:00";"37,74";"Geprüft"
"13.12.2023 00:00:00";"37,73";"Geprüft"
"14.12.2023 00:00:00";"37,68";"Geprüft"
"15.12.2023 00:00:00";"37,64";"Geprüft"
"16.12.2023 00:00:00";"37,61";"Geprüft"
"17.12.2023 00:00:00";"37,59";"Geprüft"
"18.12.2023 00:00:00";"37,57";"Geprüft"
"19.12.2023 00:00:00";"37,63";"Geprüft"
"20.12.2023 00:00:00";"37,72";"Geprüft"
"21.12.2023 00:00:00";"37,8";"Geprüft"
"22.12.2023 00:00:00";"37,74";"Geprüft"
"23.12.2023 00:00:00";"37,76";"Geprüft"
"24.12.2023 00:00:00";"37,83";"Geprüft"
"25.12.2023 00:00:00";"37,84";"Geprüft"
"26.12.2023 00:00:00";"37,85";"Geprüft"
"27.12.2023 00:00:00";"37,77";"Geprüft"
"28.12.2023 00:00:00";"37,71";"Geprüft"
"29.12.2023 00:00:00";"37,68";"Geprüft"
"30.12.2023 00:00:00";"37,67";"Geprüft"
"31.12.2023 00:00:00";"37,64";"Geprüft"
"01.01.2024 00:00:00";"37,62";"Geprüft"
"02.01.2024 00:00:00";"37,69";"Geprüft"
"03.01.2024 00:00:00";"37,73";"Geprüft"
"04.01.2024 00:00:00";"37,68";"Geprüft"
"05.01.2024 00:00:00";"37,68";"Geprüft"
"06.01.2024 00:00:00";"37,62";"Geprüft"
"07.01.2024 00:00:00";"37,56";"Geprüft"
"08.01.2024 00:00:00";"37,49";"Geprüft"
"09.01.2024 00:00:00";"37,45";"Geprüft"
"10.01.2024 00:00:00";"37,43";"Geprüft"
"11.01.2024 00:00:00";"37,41";"Geprüft"
"12.01.2024 00:00:00";"37,46";"Geprüft"
"13.01.2024 00:00:00";"37,51";"Geprüft"
"14.01.2024 00:00:00";"37,57";"Geprüft"
"15.01.2024 00:00:00";"37,57";"Geprüft"
"16.01.2024 00:00:00";"37,56";"Geprüft"
"17.01.2024 00:00:00";"37,56";"Geprüft"
"18.01.2024 00:00:00";"37,54";"Geprüft"
"19.01.2024 00:00:00";"37,52";"Geprüft"
"20.01.2024 00:00:00";"37,51";"Geprüft"
"21.01.2024 00:00:00";"37,5";"Geprüft"
"22.01.2024 00:00:00";"37,61";"Geprüft"
"23.01.2024 00:00:00";"37,68";"Geprüft"
"24.01.2024 00:00:00";"37,69";"Geprüft"
"25.01.2024 00:00:00";"37,6";"Geprüft"
"26.01.2024 00:00:00";"37,59";"Geprüft"
"27.01.2024 00:00:00";"37,56";"Geprüft"
"28.01.2024 00:00:00";"37,54";"Geprüft"
"29.01.2024 00:00:00";"37,52";"Geprüft"
"30.01.2024 00:00:00";"37,52";"Geprüft"
"31.01.2024 00:00:00";"37,51";"Geprüft"
"01.02.2024 00:00:00";"37,52";"Geprüft"
"02.02.2024 00:00:00";"37,49";"Geprüft"
"03.02.2024 00:00:00";"37,53";"Geprüft"
"04.02.2024 00:00:00";"37,57";"Geprüft"
"05.02.2024 00:00:00";"37,67";"Geprüft"
"06.02.2024 00:00:00";"37,59";"Geprüft"
"07.02.2024 00:00:00";"37,68";"Geprüft"
"08.02.2024 00:00:00";"37,64";"Geprüft"
"09.02.2024 00:00:00";"37,76";"Geprüft"
"10.02.2024 00:00:00";"37,68";"Geprüft"
"11.02.2024 00:00:00";"37,7";"Geprüft"
"12.02.2024 00:00:00";"37,71";"Geprüft"
"13.02.2024 00:00:00";"37,62";"Geprüft"
"14.02.2024 00:00:00";"37,61";"Geprüft"
"15.02.2024 00:00:00";"37,6";"Geprüft"
"16.02.2024 00:00:00";"37,59";"Geprüft"
"17.02.2024 00:00:00";"37,59";"Geprüft"
"18.02.2024 00:00:00";"37,56";"Geprüft"
"19.02.2024 00:00:00";"37,62";"Geprüft"
"20.02.2024 00:00:00";"37,58";"Geprüft"
"21.02.2024 00:00:00";"37,56";"Geprüft"
"22.02.2024 00:00:00";"37,62";"Geprüft"
"23.02.2024 00:00:00";"37,57";"Geprüft"
"24.02.2024 00:00:00";"37,52";"Geprüft"
"25.02.2024 00:00:00";"37,51";"Geprüft"
"26.02.2024 00:00:00";"37,49";"Geprüft"
"27.02.2024 00:00:00";"37,48";"Geprüft"
"28.02.2024 00:00:00";"37,48";"Geprüft"
"29.02.2024 00:00:00";"37,48";"Geprüft"
"01.03.2024 00:00:00";"37,48";"Geprüft"
"02.03.2024 00:00:00";"37,47";"Geprüft"
"03.03.2024 00:00:00";"37,46";"Geprüft"
"04.03.2024 00:00:00";"37,45";"Geprüft"
"05.03.2024 00:00:00";"37,43";"Geprüft"
"06.03.2024 00:00:00";"37,43";"Geprüft"
"07.03.2024 00:00:00";"37,42";"Geprüft"
"08.03.2024 00:00:00";"37,41";"Geprüft"
"09.03.2024 00:00:00";"37,41";"Geprüft"
"10.03.2024 00:00:00";"37,41";"Geprüft"
"11.03.2024 00:00:00";"37,4";"Geprüft"
"12.03.2024 00:00:00";"37,39";"Geprüft"
"13.03.2024 00:00:00";"37,38";"Geprüft"
"14.03.2024 00:00:00";"37,39";"Geprüft"
"15.03.2024 00:00:00";"37,38";"Geprüft"
"16.03.2024 00:00:00";"37,37";"Geprüft"
"17.03.2024 00:00:00";"37,36";"Geprüft"
"18.03.2024 00:00:00";"37,35";"Geprüft"
"19.03.2024 00:00:00";"37,35";"Geprüft"
"20.03.2024 00:00:00";"37,34";"Geprüft"
"21.03.2024 00:00:00";"37,44";"Geprüft"
"22.03.2024 00:00:00";"37,48";"Geprüft"
"23.03.2024 00:00:00";"37,63";"Geprüft"
"24.03.2024 00:00:00";"37,6";"Geprüft"
"25.03.2024 00:00:00";"37,61";"Geprüft"
"26.03.2024 00:00:00";"37,54";"Geprüft"
"27.03.2024 00:00:00";"37,51";"Geprüft"
"28.03.2024 00:00:00";"37,47";"Geprüft"
"29.03.2024 00:00:00";"37,49";"Geprüft"
"30.03.2024 00:00:00";"37,46";"Geprüft"
"31.03.2024 00:00:00";"37,44";"Geprüft"
"01.04.2024 00:00:00";"37,42";"Geprüft"
"02.04.2024 00:00:00";"37,4";"Geprüft"
"03.04.2024 00:00:00";"37,41";"Geprüft"
"04.04.2024 00:00:00";"37,46";"Geprüft"
"05.04.2024 00:00:00";"37,46";"Geprüft"
"06.04.2024 00:00:00";"37,46";"Geprüft"
"07.04.2024 00:00:00";"37,41";"Geprüft"
"08.04.2024 00:00:00";"37,39";"Geprüft"
"09.04.2024 00:00:00";"37,36";"Geprüft"
"10.04.2024 00:00:00";"37,35";"Geprüft"
"11.04.2024 00:00:00";"37,33";"Geprüft"
"12.04.2024 00:00:00";"37,33";"Geprüft"
"13.04.2024 00:00:00";"37,31";"Geprüft"
"14.04.2024 00:00:00";"37,3";"Geprüft"
"15.04.2024 00:00:00";"37,31";"Geprüft"
"16.04.2024 00:00:00";"37,32";"Geprüft"
"17.04.2024 00:00:00";"37,3";"Geprüft"
"18.04.2024 00:00:00";"37,29";"Geprüft"
"19.04.2024 00:00:00";"37,34";"Geprüft"
"20.04.2024 00:00:00";"37,42";"Geprüft"
"21.04.2024 00:00:00";"37,39";"Geprüft"
"22.04.2024 00:00:00";"37,37";"Geprüft"
"23.04.2024 00:00:00";"37,35";"Geprüft"
"24.04.2024 00:00:00";"37,35";"Geprüft"
"25.04.2024 00:00:00";"37,38";"Geprüft"
"26.04.2024 00:00:00";"37,37";"Geprüft"
"27.04.2024 00:00:00";"37,33";"Geprüft"
"28.04.2024 00:00:00";"37,3";"Geprüft"
"29.04.2024 00:00:00";"37,28";"Geprüft"
"30.04.2024 00:00:00";"37,27";"Geprüft"
"01.05.2024 00:00:00";"37,25";"Geprüft"
"02.05.2024 00:00:00";"37,23";"Geprüft"
"03.05.2024 00:00:00";"37,22";"Geprüft"
"04.05.2024 00:00:00";"37,24";"Geprüft"
"05.05.2024 00:00:00";"37,24";"Geprüft"
"06.05.2024 00:00:00";"37,23";"Geprüft"
"07.05.2024 00:00:00";"37,23";"Geprüft"
"08.05.2024 00:00:00";"37,22";"Geprüft"
"09.05.2024 00:00:00";"37,21";"Geprüft"
"10.05.2024 00:00:00";"37,2";"Geprüft"
"11.05.2024 00:00:00";"37,2";"Geprüft"
"12.05.2024 00:00:00";"37,19";"Geprüft"
"13.05.2024 00:00:00";"37,18";"Geprüft"
"14.05.2024 00:00:00";"37,17";"Geprüft"
"15.05.2024 00:00:00";"37,16";"Geprüft"
"16.05.2024 00:00:00";"37,15";"Geprüft"
"17.05.2024 00:00:00";"37,14";"Geprüft"
"18.05.2024 00:00:00";"37,14";"Geprüft"
"19.05.2024 00:00:00";"37,16";"Geprüft"
"20.05.2024 00:00:00";"37,17";"Geprüft"
"21.05.2024 00:00:00";"37,18";"Geprüft"
"22.05.2024 00:00:00";"37,16";"Geprüft"
"23.05.2024 00:00:00";"37,15";"Geprüft"
"24.05.2024 00:00:00";"37,16";"Geprüft"
"25.05.2024 00:00:00";"37,25";"Geprüft"
"26.05.2024 00:00:00";"37,3";"Geprüft"
"27.05.2024 00:00:00";"37,27";"Geprüft"
"28.05.2024 00:00:00";"37,29";"Geprüft"
"29.05.2024 00:00:00";"37,28";"Geprüft"
"30.05.2024 00:00:00";"37,29";"Geprüft"
"31.05.2024 00:00:00";"37,29";"Geprüft"
"01.06.2024 00:00:00";"37,28";"Geprüft"
"02.06.2024 00:00:00";"37,27";"Geprüft"
"03.06.2024 00:00:00";"37,26";"Geprüft"
"04.06.2024 00:00:00";"37,25";"Geprüft"
"05.06.2024 00:00:00";"37,24";"Geprüft"
"06.06.2024 00:00:00";"37,25";"Geprüft"
"07.06.2024 00:00:00";"37,23";"Geprüft"
"08.06.2024 00:00:00";"37,22";"Geprüft"
"09.06.2024 00:00:00";"37,2";"Geprüft"
"10.06.2024 00:00:00";"37,19";"Geprüft"
"11.06.2024 00:00:00";"37,2";"Geprüft"
"12.06.2024 00:00:00";"37,19";"Geprüft"
"13.06.2024 00:00:00";"37,18";"Geprüft"
"14.06.2024 00:00:00";"37,19";"Geprüft"
"15.06.2024 00:00:00";"37,2";"Geprüft"
"16.06.2024 00:00:00";"37,19";"Geprüft"
"17.06.2024 00:00:00";"37,18";"Geprüft"
"18.06.2024 00:00:00";"37,18";"Geprüft"
"19.06.2024 00:00:00";"37,23";"Geprüft"
"20.06.2024 00:00:00";"37,23";"Geprüft"
"21.06.2024 00:00:00";"37,22";"Geprüft"
"22.06.2024 00:00:00";"37,27";"Geprüft"
"23.06.2024 00:00:00";"37,27";"Geprüft"
"24.06.2024 00:00:00";"37,24";"Geprüft"
"25.06.2024 00:00:00";"37,22";"Geprüft"
"26.06.2024 00:00:00";"37,2";"Geprüft"
"27.06.2024 00:00:00";"37,19";"Geprüft"
"28.06.2024 00:00:00";"37,23";"Geprüft"
"29.06.2024 00:00:00";"37,23";"Geprüft"
"30.06.2024 00:00:00";"37,26";"Geprüft"
"01.07.2024 00:00:00";"37,33";"Geprüft"
"02.07.2024 00:00:00";"37,33";"Geprüft"
"03.07.2024 00:00:00";"37,31";"Geprüft"
"04.07.2024 00:00:00";"37,34";"Geprüft"
"05.07.2024 00:00:00";"37,36";"Geprüft"
"06.07.2024 00:00:00";"37,32";"Geprüft"
"07.07.2024 00:00:00";"37,29";"Geprüft"
"08.07.2024 00:00:00";"37,26";"Geprüft"
"09.07.2024 00:00:00";"37,24";"Geprüft"
"10.07.2024 00:00:00";"37,29";"Geprüft"
"11.07.2024 00:00:00";"37,39";"Geprüft"
"12.07.2024 00:00:00";"37,44";"Geprüft"
"13.07.2024 00:00:00";"37,46";"Geprüft"
"14.07.2024 00:00:00";"37,4";"Geprüft"
"15.07.2024 00:00:00";"37,35";"Geprüft"
"16.07.2024 00:00:00";"37,32";"Geprüft"
"17.07.2024 00:00:00";"37,29";"Geprüft"
"18.07.2024 00:00:00";"37,27";"Geprüft"
"19.07.2024 00:00:00";"37,25";"Geprüft"
"20.07.2024 00:00:00";"37,24";"Geprüft"
"21.07.2024 00:00:00";"37,24";"Geprüft"
"22.07.2024 00:00:00";"37,3";"Geprüft"
"23.07.2024 00:00:00";"37,29";"Geprüft"
"24.07.2024 00:00:00";"37,48";"Geprüft"
"25.07.2024 00:00:00";"37,42";"Geprüft"
"26.07.2024 00:00:00";"37,37";"Geprüft"
"27.07.2024 00:00:00";"37,37";"Geprüft"
"28.07.2024 00:00:00";"37,68";"Geprüft"
"29.07.2024 00:00:00";"37,58";"Geprüft"
"30.07.2024 00:00:00";"37,5";"Geprüft"
"31.07.2024 00:00:00";"37,45";"Geprüft"
"01.08.2024 00:00:00";"37,41";"Geprüft"
"02.08.2024 00:00:00";"37,38";"Geprüft"
"03.08.2024 00:00:00";"37,35";"Geprüft"
"04.08.2024 00:00:00";"37,51";"Geprüft"
"05.08.2024 00:00:00";"37,51";"Geprüft"
"06.08.2024 00:00:00";"37,44";"Geprüft"
"07.08.2024 00:00:00";"37,39";"Geprüft"
"08.08.2024 00:00:00";"37,35";"Geprüft"
"09.08.2024 00:00:00";"37,33";"Geprüft"
"10.08.2024 00:00:00";"37,31";"Geprüft"
"11.08.2024 00:00:00";"37,28";"Geprüft"
"12.08.2024 00:00:00";"37,27";"Geprüft"
"13.08.2024 00:00:00";"37,25";"Geprüft"
"14.08.2024 00:00:00";"37,24";"Geprüft"
"15.08.2024 00:00:00";"37,23";"Geprüft"
"16.08.2024 00:00:00";"37,22";"Geprüft"
"17.08.2024 00:00:00";"37,22";"Geprüft"
"18.08.2024 00:00:00";"37,21";"Geprüft"
"19.08.2024 00:00:00";"37,2";"Geprüft"
"20.08.2024 00:00:00";"37,2";"Geprüft"
"21.08.2024 00:00:00";"37,19";"Geprüft"
"22.08.2024 00:00:00";"37,18";"Geprüft"
"23.08.2024 00:00:00";"37,17";"Geprüft"
"24.08.2024 00:00:00";"37,16";"Geprüft"
"25.08.2024 00:00:00";"37,16";"Geprüft"
"26.08.2024 00:00:00";"37,16";"Geprüft"
"27.08.2024 00:00:00";"37,15";"Geprüft"
"28.08.2024 00:00:00";"37,15";"Geprüft"
"29.08.2024 00:00:00";"37,14";"Geprüft"
"30.08.2024 00:00:00";"37,13";"Geprüft"
"31.08.2024 00:00:00";"37,13";"Geprüft"
"01.09.2024 00:00:00";"37,13";"Geprüft"
"02.09.2024 00:00:00";"37,12";"Geprüft"
"03.09.2024 00:00:00";"37,12";"Geprüft"
"04.09.2024 00:00:00";"37,11";"Geprüft"
"05.09.2024 00:00:00";"37,1";"Geprüft"
"06.09.2024 00:00:00";"37,09";"Geprüft"
"07.09.2024 00:00:00";"37,09";"Geprüft"
"08.09.2024 00:00:00";"37,08";"Geprüft"
"09.09.2024 00:00:00";"37,13";"Geprüft"
"10.09.2024 00:00:00";"37,16";"Geprüft"
"11.09.2024 00:00:00";"37,16";"Geprüft"
"12.09.2024 00:00:00";"37,15";"Geprüft"
"13.09.2024 00:00:00";"37,16";"Geprüft"
"14.09.2024 00:00:00";"37,17";"Geprüft"
"15.09.2024 00:00:00";"37,17";"Geprüft"
"16.09.2024 00:00:00";"37,19";"Geprüft"
"17.09.2024 00:00:00";"37,2";"Geprüft"
"18.09.2024 00:00:00";"37,19";"Geprüft"
"19.09.2024 00:00:00";"37,18";"Geprüft"
"20.09.2024 00:00:00";"37,17";"Geprüft"
"21.09.2024 00:00:00";"37,16";"Geprüft"
"22.09.2024 00:00:00";"37,15";"Geprüft"
"24.09.2024 00:00:00";"37,16";"Geprüft"
"25.09.2024 00:00:00";"37,19";"Geprüft"
"26.09.2024 00:00:00";"37,22";"Geprüft"
"27.09.2024 00:00:00";"37,21";"Geprüft"
"28.09.2024 00:00:00";"37,2";"Geprüft"
"29.09.2024 00:00:00";"37,19";"Geprüft"
"30.09.2024 00:00:00";"37,19";"Geprüft"
"01.10.2024 00:00:00";"37,2";"Geprüft"
"02.10.2024 00:00:00";"37,22";"Geprüft"
"03.10.2024 00:00:00";"37,23";"Geprüft"
"04.10.2024 00:00:00";"37,23";"Geprüft"
"05.10.2024 00:00:00";"37,23";"Geprüft"
"06.10.2024 00:00:00";"37,23";"Geprüft"
"07.10.2024 00:00:00";"37,23";"Geprüft"
"08.10.2024 00:00:00";"37,23";"Geprüft"
"09.10.2024 00:00:00";"37,26";"Geprüft"
"10.10.2024 00:00:00";"37,25";"Geprüft"
"11.10.2024 00:00:00";"37,24";"Geprüft"
"12.10.2024 00:00:00";"37,24";"Geprüft"
"13.10.2024 00:00:00";"37,24";"Geprüft"
"14.10.2024 00:00:00";"37,23";"Geprüft"
"15.10.2024 00:00:00";"37,23";"Geprüft"
"16.10.2024 00:00:00";"37,23";"Geprüft"
"17.10.2024 00:00:00";"37,23";"Geprüft"
"18.10.2024 00:00:00";"37,22";"Geprüft"
"19.10.2024 00:00:00";"37,22";"Geprüft"
"20.10.2024 00:00:00";"37,22";"Geprüft"
"21.10.2024 00:00:00";"37,22";"Geprüft"
"22.10.2024 00:00:00";"37,22";"Geprüft"
"23.10.2024 00:00:00";"37,22";"Geprüft"
"24.10.2024 00:00:00";"37,22";"Geprüft"
"25.10.2024 00:00:00";"37,22";"Geprüft"
"26.10.2024 00:00:00";"37,22";"Geprüft"
"27.10.2024 00:00:00";"37,22";"Geprüft"
"28.10.2024 00:00:00";"37,23";"Geprüft"
"29.10.2024 00:00:00";"37,23";"Geprüft"
"30.10.2024 00:00:00";"37,23";"Geprüft"
"31.10.2024 00:00:00";"37,24";"Geprüft"
"01.11.2024 00:00:00";"37,24";"Geprüft"
"02.11.2024 00:00:00";"37,24";"Geprüft"
"03.11.2024 00:00:00";"37,24";"Geprüft"
"04.11.2024 00:00:00";"37,24";"Geprüft"
"05.11.2024 00:00:00";"37,25";"Geprüft"
"06.11.2024 00:00:00";"37,25";"Geprüft"
"07.11.2024 00:00:00";"37,25";"Geprüft"
"08.11.2024 00:00:00";"37,26";"Geprüft"
"09.11.2024 00:00:00";"37,26";"Geprüft"
"10.11.2024 00:00:00";"37,26";"Geprüft"
"11.11.2024 00:00:00";"37,26";"Geprüft"
"12.11.2024 00:00:00";"37,26";"Geprüft"
"13.11.2024 00:00:00";"37,27";"Geprüft"
"14.11.2024 00:00:00";"37,27";"Geprüft"
"15.11.2024 00:00:00";"37,28";"Geprüft"
"16.11.2024 00:00:00";"37,28";"Geprüft"
"17.11.2024 00:00:00";"37,29";"Geprüft"
"18.11.2024 00:00:00";"37,3";"Geprüft"
"19.11.2024 00:00:00";"37,33";"Geprüft"
"20.11.2024 00:00:00";"37,39";"Geprüft"
"21.11.2024 00:00:00";"37,42";"Geprüft"
"22.11.2024 00:00:00";"37,41";"Geprüft"
"23.11.2024 00:00:00";"37,41";"Geprüft"
"24.11.2024 00:00:00";"37,51";"Geprüft"
"25.11.2024 00:00:00";"37,48";"Geprüft"
"26.11.2024 00:00:00";"37,48";"Geprüft"
"27.11.2024 00:00:00";"37,48";"Geprüft"
"28.11.2024 00:00:00";"37,54";"Geprüft"
"29.11.2024 00:00:00";"37,51";"Geprüft"
"30.11.2024 00:00:00";"37,48";"Geprüft"
"01.12.2024 00:00:00";"37,47";"Geprüft"
"02.12.2024 00:00:00";"37,47";"Geprüft"
"03.12.2024 00:00:00";"37,47";"Geprüft"
"04.12.2024 00:00:00";"37,47";"Geprüft"
"05.12.2024 00:00:00";"37,48";"Geprüft"
"06.12.2024 00:00:00";"37,56";"Geprüft"
"07.12.2024 00:00:00";"37,56";"Geprüft"
"08.12.2024 00:00:00";"37,55";"Geprüft"
"09.12.2024 00:00:00";"37,54";"Geprüft"
"10.12.2024 00:00:00";"37,53";"Geprüft"
"11.12.2024 00:00:00";"37,51";"Geprüft"
"12.12.2024 00:00:00";"37,5";"Geprüft"
"13.12.2024 00:00:00";"37,49";"Geprüft"
"14.12.2024 00:00:00";"37,49";"Geprüft"
"15.12.2024 00:00:00";"37,51";"Geprüft"
"16.12.2024 00:00:00";"37,51";"Geprüft"
"17.12.2024 00:00:00";"37,49";"Geprüft"
"18.12.2024 00:00:00";"37,49";"Geprüft"
"19.12.2024 00:00:00";"37,49";"Geprüft"
"20.12.2024 00:00:00";"37,48";"Geprüft"
"21.12.2024 00:00:00";"37,47";"Geprüft"
"22.12.2024 00:00:00";"37,54";"Geprüft"
"23.12.2024 00:00:00";"37,53";"Geprüft"
"24.12.2024 00:00:00";"37,5";"Geprüft"
"25.12.2024 00:00:00";"37,49";"Geprüft"
"26.12.2024 00:00:00";"37,48";"Geprüft"
"27.12.2024 00:00:00";"37,48";"Geprüft"
"28.12.2024 00:00:00";"37,47";"Geprüft"
"29.12.2024 00:00:00";"37,46";"Geprüft"
"30.12.2024 00:00:00";"37,47";"Geprüft"
"31.12.2024 00:00:00";"37,46";"Geprüft"
"01.01.2025 00:00:00";"37,46";"Geprüft"
"02.01.2025 00:00:00";"37,46";"Geprüft"
"03.01.2025 00:00:00";"37,47";"Geprüft"
"04.01.2025 00:00:00";"37,47";"Geprüft"
"05.01.2025 00:00:00";"37,49";"Geprüft"
"06.01.2025 00:00:00";"37,65";"Geprüft"
"07.01.2025 00:00:00";"37,57";"Geprüft"
"08.01.2025 00:00:00";"37,56";"Geprüft"
"09.01.2025 00:00:00";"37,63";"Geprüft"
"10.01.2025 00:00:00";"37,71";"Geprüft"
"11.01.2025 00:00:00";"37,64";"Geprüft"
"12.01.2025 00:00:00";"37,58";"Geprüft"
"13.01.2025 00:00:00";"37,54";"Geprüft"
"14.01.2025 00:00:00";"37,53";"Geprüft"
"15.01.2025 00:00:00";"37,56";"Geprüft"
"16.01.2025 00:00:00";"37,53";"Geprüft"
"17.01.2025 00:00:00";"37,51";"Geprüft"
"18.01.2025 00:00:00";"37,5";"Geprüft"
"19.01.2025 00:00:00";"37,5";"Geprüft"
"20.01.2025 00:00:00";"37,49";"Geprüft"
"21.01.2025 00:00:00";"37,48";"Geprüft"
"22.01.2025 00:00:00";"37,48";"Geprüft"
"23.01.2025 00:00:00";"37,52";"Geprüft"
"24.01.2025 00:00:00";"37,53";"Geprüft"
"25.01.2025 00:00:00";"37,54";"Geprüft"
"26.01.2025 00:00:00";"37,51";"Geprüft"
"27.01.2025 00:00:00";"37,5";"Geprüft"
"28.01.2025 00:00:00";"37,52";"Geprüft"
"29.01.2025 00:00:00";"37,52";"Geprüft"
"30.01.2025 00:00:00";"37,5";"Geprüft"
"31.01.2025 00:00:00";"37,52";"Geprüft"
"01.02.2025 00:00:00";"37,49";"Geprüft"
"02.02.2025 00:00:00";"37,48";"Geprüft"
"03.02.2025 00:00:00";"37,47";"Geprüft"
"04.02.2025 00:00:00";"37,45";"Geprüft"
"05.02.2025 00:00:00";"37,45";"Geprüft"
"06.02.2025 00:00:00";"37,47";"Geprüft"
"07.02.2025 00:00:00";"37,47";"Geprüft"
"08.02.2025 00:00:00";"37,45";"Geprüft"
"09.02.2025 00:00:00";"37,44";"Geprüft"
"10.02.2025 00:00:00";"37,44";"Geprüft"
"11.02.2025 00:00:00";"37,43";"Geprüft"
"12.02.2025 00:00:00";"37,42";"Geprüft"
"13.02.2025 00:00:00";"37,43";"Geprüft"
"14.02.2025 00:00:00";"37,44";"Geprüft"
"15.02.2025 00:00:00";"37,46";"Geprüft"
"16.02.2025 00:00:00";"37,43";"Geprüft"
"17.02.2025 00:00:00";"37,41";"Geprüft"
"18.02.2025 00:00:00";"37,39";"Geprüft"
"19.02.2025 00:00:00";"37,38";"Geprüft"
"20.02.2025 00:00:00";"37,37";"Geprüft"
"21.02.2025 00:00:00";"37,42";"Geprüft"
"22.02.2025 00:00:00";"37,47";"Geprüft"
"23.02.2025 00:00:00";"37,49";"Geprüft"
"24.02.2025 00:00:00";"37,48";"Geprüft"
"25.02.2025 00:00:00";"37,5";"Geprüft"
"26.02.2025 00:00:00";"37,52";"Geprüft"
"27.02.2025 00:00:00";"37,5";"Geprüft"
"28.02.2025 00:00:00";"37,5";"Geprüft"
"01.03.2025 00:00:00";"37,51";"Geprüft"
"02.03.2025 00:00:00";"37,48";"Geprüft"
"03.03.2025 00:00:00";"37,46";"Geprüft"
"04.03.2025 00:00:00";"37,45";"Geprüft"
"05.03.2025 00:00:00";"37,44";"Geprüft"
"06.03.2025 00:00:00";"37,43";"Geprüft"
"07.03.2025 00:00:00";"37,42";"Geprüft"
"08.03.2025 00:00:00";"37,42";"Geprüft"
"09.03.2025 00:00:00";"37,42";"Geprüft"
"10.03.2025 00:00:00";"37,41";"Geprüft"
"11.03.2025 00:00:00";"37,41";"Geprüft"
"12.03.2025 00:00:00";"37,44";"Geprüft"
"13.03.2025 00:00:00";"37,49";"Geprüft"
"14.03.2025 00:00:00";"37,45";"Geprüft"
"15.03.2025 00:00:00";"37,45";"Geprüft"
"16.03.2025 00:00:00";"37,43";"Geprüft"
"17.03.2025 00:00:00";"37,42";"Geprüft"
"18.03.2025 00:00:00";"37,4";"Geprüft"
"19.03.2025 00:00:00";"37,4";"Geprüft"
"20.03.2025 00:00:00";"37,4";"Geprüft"
"21.03.2025 00:00:00";"37,39";"Geprüft"
"22.03.2025 00:00:00";"37,38";"Geprüft"
"23.03.2025 00:00:00";"37,38";"Geprüft"
"24.03.2025 00:00:00";"37,37";"Geprüft"
"25.03.2025 00:00:00";"37,37";"Geprüft"
"26.03.2025 00:00:00";"37,37";"Geprüft"
"27.03.2025 00:00:00";"37,37";"Geprüft"
"28.03.2025 00:00:00";"37,37";"Geprüft"
"29.03.2025 00:00:00";"37,36";"Geprüft"
"30.03.2025 00:00:00";"37,4";"Geprüft"
"31.03.2025 00:00:00";"37,44";"Geprüft"
"01.04.2025 00:00:00";"37,41";"Geprüft"
"02.04.2025 00:00:00";"37,39";"Geprüft"
"03.04.2025 00:00:00";"37,38";"Geprüft"
"04.04.2025 00:00:00";"37,37";"Geprüft"
"05.04.2025 00:00:00";"37,36";"Geprüft"
"06.04.2025 00:00:00";"37,34";"Geprüft"
"07.04.2025 00:00:00";"37,34";"Geprüft"
"08.04.2025 00:00:00";"37,34";"Geprüft"
"09.04.2025 00:00:00";"37,33";"Geprüft"
"10.04.2025 00:00:00";"37,33";"Geprüft"
"11.04.2025 00:00:00";"37,33";"Geprüft"
"12.04.2025 00:00:00";"37,33";"Geprüft"
"13.04.2025 00:00:00";"37,32";"Geprüft"
"14.04.2025 00:00:00";"37,32";"Geprüft"
"15.04.2025 00:00:00";"37,32";"Geprüft"
"16.04.2025 00:00:00";"37,3";"Geprüft"
"17.04.2025 00:00:00";"37,3";"Geprüft"
"18.04.2025 00:00:00";"37,3";"Geprüft"
"19.04.2025 00:00:00";"37,37";"Geprüft"
"20.04.2025 00:00:00";"37,36";"Geprüft"
"21.04.2025 00:00:00";"37,37";"Geprüft"
"22.04.2025 00:00:00";"37,35";"Geprüft"
"23.04.2025 00:00:00";"37,34";"Geprüft"
"24.04.2025 00:00:00";"37,32";"Geprüft"
"25.04.2025 00:00:00";"37,3";"Geprüft"
"26.04.2025 00:00:00";"37,28";"Geprüft"
"27.04.2025 00:00:00";"37,27";"Geprüft"
"28.04.2025 00:00:00";"37,26";"Geprüft"
"29.04.2025 00:00:00";"37,25";"Geprüft"
"30.04.2025 00:00:00";"37,24";"Geprüft"
"01.05.2025 00:00:00";"37,23";"Geprüft"
"02.05.2025 00:00:00";"37,22";"Geprüft"
"03.05.2025 00:00:00";"37,23";"Geprüft"
"04.05.2025 00:00:00";"37,25";"Geprüft"
"05.05.2025 00:00:00";"37,24";"Geprüft"
"06.05.2025 00:00:00";"37,22";"Geprüft"
"07.05.2025 00:00:00";"37,21";"Geprüft"
"08.05.2025 00:00:00";"37,2";"Geprüft"
"09.05.2025 00:00:00";"37,19";"Geprüft"
"10.05.2025 00:00:00";"37,18";"Geprüft"
"11.05.2025 00:00:00";"37,18";"Geprüft"
"12.05.2025 00:00:00";"37,17";"Geprüft"
"13.05.2025 00:00:00";"37,17";"Geprüft"
"14.05.2025 00:00:00";"37,16";"Geprüft"
"15.05.2025 00:00:00";"37,16";"Geprüft"
"16.05.2025 00:00:00";"37,17";"Geprüft"
"17.05.2025 00:00:00";"37,19";"Geprüft"
"18.05.2025 00:00:00";"37,2";"Geprüft"
"19.05.2025 00:00:00";"37,21";"Geprüft"
"20.05.2025 00:00:00";"37,21";"Geprüft"
"21.05.2025 00:00:00";"37,19";"Geprüft"
"22.05.2025 00:00:00";"37,17";"Geprüft"
"23.05.2025 00:00:00";"37,17";"Geprüft"
"24.05.2025 00:00:00";"37,16";"Geprüft"
"25.05.2025 00:00:00";"37,17";"Geprüft"
"26.05.2025 00:00:00";"37,18";"Geprüft"
"27.05.2025 00:00:00";"37,16";"Geprüft"
"28.05.2025 00:00:00";"37,19";"Geprüft"
"29.05.2025 00:00:00";"37,19";"Geprüft"
"30.05.2025 00:00:00";"37,19";"Geprüft"
"31.05.2025 00:00:00";"37,18";"Geprüft"
"01.06.2025 00:00:00";"37,17";"Geprüft"
"02.06.2025 00:00:00";"37,16";"Geprüft"
"03.06.2025 00:00:00";"37,16";"Geprüft"
"04.06.2025 00:00:00";"37,15";"Geprüft"
"05.06.2025 00:00:00";"37,16";"Geprüft"
"06.06.2025 00:00:00";"37,17";"Geprüft"
"07.06.2025 00:00:00";"37,17";"Geprüft"
"08.06.2025 00:00:00";"37,18";"Geprüft"
"09.06.2025 00:00:00";"37,18";"Geprüft"
"10.06.2025 00:00:00";"37,18";"Geprüft"
"11.06.2025 00:00:00";"37,19";"Geprüft"
"12.06.2025 00:00:00";"37,17";"Geprüft"
"13.06.2025 00:00:00";"37,15";"Geprüft"
"14.06.2025 00:00:00";"37,14";"Geprüft"
"15.06.2025 00:00:00";"37,13";"Geprüft"
"16.06.2025 00:00:00";"37,12";"Geprüft"
"17.06.2025 00:00:00";"37,12";"Geprüft"
"18.06.2025 00:00:00";"37,11";"Geprüft"
"19.06.2025 00:00:00";"37,1";"Geprüft"
"20.06.2025 00:00:00";"37,1";"Geprüft"
"21.06.2025 00:00:00";"37,09";"Geprüft"
"22.06.2025 00:00:00";"37,08";"Geprüft"
"23.06.2025 00:00:00";"37,08";"Geprüft"
"24.06.2025 00:00:00";"37,08";"Geprüft"
"25.06.2025 00:00:00";"37,07";"Geprüft"
"26.06.2025 00:00:00";"37,07";"Geprüft"
"27.06.2025 00:00:00";"37,06";"Geprüft"
"28.06.2025 00:00:00";"37,06";"Geprüft"
"29.06.2025 00:00:00";"37,05";"Geprüft"
"30.06.2025 00:00:00";"37,04";"Geprüft"
"01.07.2025 00:00:00";"37,04";"Geprüft"
"02.07.2025 00:00:00";"37,03";"Geprüft"
"03.07.2025 00:00:00";"37,02";"Geprüft"
"04.07.2025 00:00:00";"37,02";"Geprüft"
"05.07.2025 00:00:00";"37,01";"Geprüft"
"06.07.2025 00:00:00";"37,01";"Geprüft"
"07.07.2025 00:00:00";"37,01";"Geprüft"
"08.07.2025 00:00:00";"37,01";"Geprüft"
"09.07.2025 00:00:00";"37,01";"Geprüft"
"10.07.2025 00:00:00";"37,01";"Geprüft"
"11.07.2025 00:00:00";"37,01";"Geprüft"
"12.07.2025 00:00:00";"37,1";"Geprüft"
"13.07.2025 00:00:00";"37,24";"Geprüft"
"14.07.2025 00:00:00";"37,22";"Geprüft"
"15.07.2025 00:00:00";"37,22";"Geprüft"
"16.07.2025 00:00:00";"37,23";"Geprüft"
"17.07.2025 00:00:00";"37,24";"Geprüft"
"18.07.2025 00:00:00";"37,27";"Geprüft"
"19.07.2025 00:00:00";"37,25";"Geprüft"
"20.07.2025 00:00:00";"37,22";"Geprüft"
"21.07.2025 00:00:00";"37,24";"Geprüft"
"22.07.2025 00:00:00";"37,38";"Geprüft"
"23.07.2025 00:00:00";"37,43";"Geprüft"
"24.07.2025 00:00:00";"37,38";"Geprüft"
"25.07.2025 00:00:00";"37,42";"Geprüft"
"26.07.2025 00:00:00";"37,39";"Geprüft"
"27.07.2025 00:00:00";"37,36";"Geprüft"
"28.07.2025 00:00:00";"37,45";"Geprüft"
"29.07.2025 00:00:00";"37,42";"Geprüft"
"30.07.2025 00:00:00";"37,37";"Geprüft"
"31.07.2025 00:00:00";"37,37";"Geprüft"
"01.08.2025 00:00:00";"37,37";"Geprüft"
"02.08.2025 00:00:00";"37,35";"Geprüft"
"03.08.2025 00:00:00";"37,33";"Geprüft"
"04.08.2025 00:00:00";"37,33";"Geprüft"
"05.08.2025 00:00:00";"37,38";"Geprüft"
"06.08.2025 00:00:00";"37,37";"Geprüft"
"07.08.2025 00:00:00";"37,33";"Geprüft"
"08.08.2025 00:00:00";"37,3";"Geprüft"
"09.08.2025 00:00:00";"37,27";"Geprüft"
"10.08.2025 00:00:00";"37,25";"Geprüft"
"11.08.2025 00:00:00";"37,23";"Geprüft"
"12.08.2025 00:00:00";"37,21";"Geprüft"
"13.08.2025 00:00:00";"37,19";"Geprüft"
"14.08.2025 00:00:00";"37,18";"Geprüft"
"15.08.2025 00:00:00";"37,17";"Geprüft"
"16.08.2025 00:00:00";"37,15";"Geprüft"
"17.08.2025 00:00:00";"37,15";"Geprüft"
"18.08.2025 00:00:00";"37,14";"Geprüft"
"19.08.2025 00:00:00";"37,13";"Geprüft"
"20.08.2025 00:00:00";"37,13";"Geprüft"
"21.08.2025 00:00:00";"37,12";"Geprüft"
"22.08.2025 00:00:00";"37,11";"Geprüft"
"23.08.2025 00:00:00";"37,11";"Geprüft"
"24.08.2025 00:00:00";"37,12";"Geprüft"
"25.08.2025 00:00:00";"37,12";"Geprüft"
"26.08.2025 00:00:00";"37,11";"Geprüft"
"27.08.2025 00:00:00";"37,1";"Geprüft"
"28.08.2025 00:00:00";"37,16";"Geprüft"
"29.08.2025 00:00:00";"37,2";"Geprüft"
"30.08.2025 00:00:00";"37,21";"Geprüft"
"31.08.2025 00:00:00";"37,19";"Geprüft"
"01.09.2025 00:00:00";"37,18";"Geprüft"
"02.09.2025 00:00:00";"37,19";"Geprüft"
"03.09.2025 00:00:00";"37,19";"Geprüft"
"05.09.2025 00:00:00";"37,18";"Geprüft"
"06.09.2025 00:00:00";"37,18";"Geprüft"
"07.09.2025 00:00:00";"37,17";"Geprüft"
"08.09.2025 00:00:00";"37,16";"Geprüft"
"09.09.2025 00:00:00";"37,15";"Geprüft"
"10.09.2025 00:00:00";"37,16";"Geprüft"
"11.09.2025 00:00:00";"37,17";"Geprüft"
"12.09.2025 00:00:00";"37,17";"Geprüft"
"13.09.2025 00:00:00";"37,16";"Geprüft"
"14.09.2025 00:00:00";"37,16";"Geprüft"
"15.09.2025 00:00:00";"37,17";"Geprüft"
"16.09.2025 00:00:00";"37,17";"Geprüft"
"17.09.2025 00:00:00";"37,16";"Geprüft"
"18.09.2025 00:00:00";"37,16";"Geprüft"
"19.09.2025 00:00:00";"37,16";"Geprüft"
"20.09.2025 00:00:00";"37,15";"Geprüft"
"21.09.2025 00:00:00";"37,14";"Geprüft"
"22.09.2025 00:00:00";"37,2";"Geprüft"
"23.09.2025 00:00:00";"37,21";"Geprüft"
"24.09.2025 00:00:00";"37,21";"Geprüft"
"25.09.2025 00:00:00";"37,2";"Geprüft"
"27.09.2025 00:00:00";"37,2";"Geprüft"
"28.09.2025 00:00:00";"37,19";"Geprüft"
"29.09.2025 00:00:00";"37,18";"Geprüft"
"30.09.2025 00:00:00";"37,18";"Geprüft"
"01.10.2025 00:00:00";"37,18";"Geprüft"
"02.10.2025 00:00:00";"37,18";"Geprüft"
"03.10.2025 00:00:00";"37,18";"Geprüft"
"04.10.2025 00:00:00";"37,2";"Geprüft"
"05.10.2025 00:00:00";"37,21";"Geprüft"
"06.10.2025 00:00:00";"37,21";"Geprüft"
"07.10.2025 00:00:00";"37,21";"Geprüft"
"08.10.2025 00:00:00";"37,23";"Geprüft"
"09.10.2025 00:00:00";"37,24";"Geprüft"
"10.10.2025 00:00:00";"37,24";"Geprüft"
"11.10.2025 00:00:00";"37,23";"Geprüft"
"12.10.2025 00:00:00";"37,23";"Geprüft"
"13.10.2025 00:00:00";"37,24";"Geprüft"
"14.10.2025 00:00:00";"37,24";"Geprüft"
"15.10.2025 00:00:00";"37,25";"Geprüft"
"16.10.2025 00:00:00";"37,26";"Geprüft"
"17.10.2025 00:00:00";"37,26";"Geprüft"
"18.10.2025 00:00:00";"37,25";"Geprüft"
"19.10.2025 00:00:00";"37,25";"Geprüft"
"20.10.2025 00:00:00";"37,25";"Geprüft"
"21.10.2025 00:00:00";"37,25";"Geprüft"
"22.10.2025 00:00:00";"37,26";"Geprüft"
"23.10.2025 00:00:00";"37,26";"Geprüft"
"24.10.2025 00:00:00";"37,27";"Geprüft"
"25.10.2025 00:00:00";"37,26";"Geprüft"
"26.10.2025 00:00:00";"37,28";"Geprüft"
"27.10.2025 00:00:00";"37,3";"Geprüft"
"28.10.2025 00:00:00";"37,32";"Geprüft"
"29.10.2025 00:00:00";"37,34";"Geprüft"
"30.10.2025 00:00:00";"37,36";"Geprüft"
"31.10.2025 00:00:00";"37,36";"Geprüft"
"01.11.2025 00:00:00";"37,36";"Geprüft"
"02.11.2025 00:00:00";"37,37";"Geprüft"
"03.11.2025 00:00:00";"37,36";"Geprüft"
"04.11.2025 00:00:00";"37,35";"Geprüft"
"05.11.2025 00:00:00";"37,35";"Geprüft"
"06.11.2025 00:00:00";"37,35";"Geprüft"
"07.11.2025 00:00:00";"37,34";"Geprüft"
"08.11.2025 00:00:00";"37,34";"Geprüft"
"09.11.2025 00:00:00";"37,34";"Geprüft"
"10.11.2025 00:00:00";"37,34";"Geprüft"
"11.11.2025 00:00:00";"37,34";"Geprüft"
"12.11.2025 00:00:00";"37,34";"Geprüft"
"13.11.2025 00:00:00";"37,34";"Geprüft"
"14.11.2025 00:00:00";"37,34";"Geprüft"
"15.11.2025 00:00:00";"37,4";"Geprüft"
"16.11.2025 00:00:00";"37,46";"Geprüft"
"17.11.2025 00:00:00";"37,46";"Geprüft"
"18.11.2025 00:00:00";"37,44";"Geprüft"
"19.11.2025 00:00:00";"37,43";"Geprüft"
"20.11.2025 00:00:00";"37,44";"Geprüft"
"21.11.2025 00:00:00";"37,43";"Ungeprüft"
"22.11.2025 00:00:00";"37,41";"Ungeprüft"
"23.11.2025 00:00:00";"37,4";"Ungeprüft"
"24.11.2025 00:00:00";"37,4";"Ungeprüft"
"25.11.2025 00:00:00";"37,41";"Ungeprüft"
"26.11.2025 00:00:00";"37,42";"Ungeprüft"
"27.11.2025 00:00:00";"37,43";"Ungeprüft"
"28.11.2025 00:00:00";"37,42";"Ungeprüft"
"29.11.2025 00:00:00";"37,44";"Ungeprüft"
"30.11.2025 00:00:00";"37,44";"Ungeprüft"
"01.12.2025 00:00:00";"37,44";"Ungeprüft"
"02.12.2025 00:00:00";"37,43";"Ungeprüft"
"03.12.2025 00:00:00";"37,44";"Ungeprüft"
"04.12.2025 00:00:00";"37,44";"Ungeprüft"
"06.12.2025 00:00:00";"37,44";"Ungeprüft"
"07.12.2025 00:00:00";"37,44";"Ungeprüft"
"08.12.2025 00:00:00";"37,46";"Ungeprüft"
"09.12.2025 00:00:00";"37,5";"Ungeprüft"
"10.12.2025 00:00:00";"37,48";"Ungeprüft"
"11.12.2025 00:00:00";"37,47";"Ungeprüft"
"12.12.2025 00:00:00";"37,45";"Ungeprüft"
"13.12.2025 00:00:00";"37,44";"Ungeprüft"
"14.12.2025 00:00:00";"37,44";"Ungeprüft"
"15.12.2025 00:00:00";"37,43";"Ungeprüft"
"16.12.2025 00:00:00";"37,42";"Ungeprüft"
"17.12.2025 00:00:00";"37,41";"Ungeprüft"
"18.12.2025 00:00:00";"37,42";"Ungeprüft"
"19.12.2025 00:00:00";"37,41";"Ungeprüft"
"20.12.2025 00:00:00";"37,42";"Ungeprüft"
"21.12.2025 00:00:00";"37,42";"Ungeprüft"
"22.12.2025 00:00:00";"37,41";"Ungeprüft"
"23.12.2025 00:00:00";"37,4";"Ungeprüft"
"24.12.2025 00:00:00";"37,38";"Ungeprüft"
"25.12.2025 00:00:00";"37,35";"Ungeprüft"
"26.12.2025 00:00:00";"37,34";"Ungeprüft"
"27.12.2025 00:00:00";"37,36";"Ungeprüft"
"28.12.2025 00:00:00";"37,37";"Ungeprüft"
"29.12.2025 00:00:00";"37,38";"Ungeprüft"
"30.12.2025 00:00:00";"37,39";"Ungeprüft"
"31.12.2025 00:00:00";"37,38";"Ungeprüft"
"01.01.2026 00:00:00";"37,44";"Ungeprüft"
"02.01.2026 00:00:00";"37,45";"Ungeprüft"
"03.01.2026 00:00:00";"37,45";"Ungeprüft"
"04.01.2026 00:00:00";"37,44";"Ungeprüft"
"05.01.2026 00:00:00";"37,45";"Ungeprüft"
"06.01.2026 00:00:00";"37,44";"Ungeprüft"
"07.01.2026 00:00:00";"37,43";"Ungeprüft"
"08.01.2026 00:00:00";"37,41";"Ungeprüft"
"09.01.2026 00:00:00";"37,41";"Ungeprüft"
"10.01.2026 00:00:00";"37,41";"Ungeprüft"
"11.01.2026 00:00:00";"37,4";"Ungeprüft"
"12.01.2026 00:00:00";"37,4";"Ungeprüft"
"13.01.2026 00:00:00";"37,45";"Ungeprüft"
"14.01.2026 00:00:00";"37,56";"Ungeprüft"
"15.01.2026 00:00:00";"37,58";"Ungeprüft"
"16.01.2026 00:00:00";"37,57";"Ungeprüft"
"17.01.2026 00:00:00";"37,54";"Ungeprüft"
"18.01.2026 00:00:00";"37,52";"Ungeprüft"
"19.01.2026 00:00:00";"37,47";"Ungeprüft"
"20.01.2026 00:00:00";"37,43";"Ungeprüft"
"21.01.2026 00:00:00";"37,4";"Ungeprüft"
"22.01.2026 00:00:00";"37,37";"Ungeprüft"
"23.01.2026 00:00:00";"37,35";"Ungeprüft"
"24.01.2026 00:00:00";"37,34";"Ungeprüft"
"25.01.2026 00:00:00";"37,35";"Ungeprüft"
"26.01.2026 00:00:00";"37,38";"Ungeprüft"
"27.01.2026 00:00:00";"37,4";"Ungeprüft"
"28.01.2026 00:00:00";"37,41";"Ungeprüft"
"29.01.2026 00:00:00";"37,41";"Ungeprüft"
"30.01.2026 00:00:00";"37,4";"Ungeprüft"
"31.01.2026 00:00:00";"37,39";"Ungeprüft"
